1.0459037116179498e-17
1.1726417907288552e-17
1.3142966918568761e-17
1.4725695224943308e-17
1.649348796910016e-17
1.846730308518164e-17
2.0670390211609987e-17
2.3128531746348328e-17
2.587030817638294e-17
2.892739000693286e-17
3.233485882603161e-17
3.613156026792803e-17
4.036049188563748e-17
4.5069229210307285e-17
5.031039356448722e-17
5.6142165509474e-17
6.262884814545821e-17
6.9841484849068e-17
7.78585364281045e-17
8.676662309986467e-17
9.6661337159753e-17
1.076481327032287e-16
1.1984329929906986e-16
1.3337502708813108e-16
1.4838457140203743e-16
1.6502752566365874e-16
1.8347521204873177e-16
2.0391620015926344e-16
2.2655796478753372e-16
2.516286947386061e-16
2.793792656329507e-16
3.100853906333596e-16
3.4404996413576067e-16
3.816056146368396e-16
4.2311748424669663e-16
4.689862536573228e-16
5.196514328129638e-16
5.755949390608182e-16
6.373449861968724e-16
7.054803095669189e-16
7.806347542432153e-16
8.635022552793865e-16
9.548422411563134e-16
1.0554854937762954e-15
1.1663405007500796e-15
1.2884003382559251e-15
1.4227501254425808e-15
1.5705750942032224e-15
1.7331693211746447e-15
1.9119451720232873e-15
2.108443511474083e-15
2.324344736127937e-15
2.561480690909665e-15
2.821847533993937e-15
3.1076196192870964e-15
3.4211644699998463e-15
3.765058921543375e-15
4.142106516924559e-15
4.555356243016202e-15
5.008122701538921e-15
5.504007814328586e-15
6.0469241684764154e-15
6.641120113229999e-15
7.291206727144822e-15
8.002186780869784e-15
8.779485828161455e-15
9.628985565243043e-15
1.055705960646512e-14
1.1570611832389482e-14
1.2677117474914093e-14
1.3884667112879857e-14
1.5202013760754073e-14
1.663862324247774e-14
1.8204728052385417e-14
1.991138491525687e-14
2.1770536268032765e-14
2.3795075896541612e-14
2.5998918971671003e-14
2.8397076740865456e-14
3.1005736142512515e-14
3.384234462279331e-14
3.692570044681053e-14
4.0276048808311885e-14
4.391518405504463e-14
4.7866558359695276e-14
5.215539717945085e-14
5.6808821860458884e-14
6.185597975676287e-14
6.732818224671685e-14
7.325905104326765e-14
7.968467320788789e-14
8.664376529126727e-14
9.417784703699865e-14
1.023314250975324e-13
1.1115218722431205e-13
1.2069120740645083e-13
1.310031624442168e-13
1.4214656045509266e-13
1.5418398182103468e-13
1.6718233309580008e-13
1.81213114400551e-13
1.9635270084457363e-13
2.1268263851539297e-13
2.302899555890154e-13
2.492674891161632e-13
2.6971422804412127e-13
2.917356730361157e-13
3.154442136505846e-13
3.409595234415987e-13
3.68408973538304e-13
3.979280652559307e-13
4.2966088228310876e-13
4.637605629801134e-13
5.003897933094755e-13
5.397213209048968e-13
5.819384907651011e-13
6.272358030374269e-13
6.758194933299203e-13
7.279081359615958e-13
7.837332705268891e-13
8.435400521130106e-13
9.075879254672539e-13
9.761513233643913e-13
1.0495203893736782e-12
1.1280017251681796e-12
1.2119191624581364e-12
1.3016145595626731e-12
1.3974486225619145e-12
1.4998017508926243e-12
1.60907490716626e-12
1.725690510897086e-12
1.850093355730733e-12
1.9827515496593485e-12
2.1241574775989553e-12
2.274828785586213e-12
2.43530938572697e-12
2.6061704808970436e-12
2.7880116080555918e-12
2.981461698884671e-12
3.1871801563138133e-12
3.4058579453269508e-12
3.638218696278658e-12
3.8850198187706715e-12
4.1470536239539e-12
4.425148452930485e-12
4.720169808730983e-12
5.033021489134961e-12
5.364646717391733e-12
5.7160292676772086e-12
6.088194581897124e-12
6.482210874216478e-12
6.899190219454985e-12
7.340289621249039e-12
7.806712055630491e-12
8.299707485423673e-12
8.820573840606854e-12
9.370657959525443e-12
9.95135648558713e-12
1.0564116713807283e-11
1.1210437381310668e-11
1.1891869395637668e-11
1.2610016494441612e-11
1.3366535829908373e-11
1.416313847097714e-11
1.500158981619218e-11
1.5883709909773908e-11
1.6811373653264602e-11
1.7786510904876155e-11
1.8811106458453545e-11
1.9887199893765382e-11
2.1016885289637418e-11
2.2202310791278703e-11
2.3445678022980373e-11
2.4749241337237703e-11
2.6115306891214257e-11
2.754623154138191e-11
2.9044421547080966e-11
3.0612331073708713e-11
3.22524604862126e-11
3.3967354423581114e-11
3.575959964505311e-11
3.763182263884992e-11
3.958668698433542e-11
4.162689045864996e-11
4.375516187905708e-11
4.597425767245405e-11
4.8286958163772944e-11
5.069606357530155e-11
5.32043897293149e-11
5.581476344680682e-11
5.853001763557059e-11
6.135298606137248e-11
6.42864977965202e-11
6.733337134074063e-11
7.049640840993193e-11
7.377838738908245e-11
7.718205644641032e-11
8.071012630661808e-11
8.43652626820248e-11
8.815007836129826e-11
9.206712495648421e-11
9.61188843101107e-11
1.0030775956522481e-10
1.0463606590241802e-10
1.0910602094907754e-10
1.1371973486740023e-10
1.1847920012902445e-10
1.2338628098548825e-10
1.2844270264516393e-10
1.3365004016876154e-10
1.3900970709702719e-10
1.445229438257582e-10
1.5019080574490082e-10
1.560141511600348e-10
1.619936290162515e-10
1.6812966644604248e-10
1.744224561645259e-10
1.8087194373701385e-10
1.8747781474562857e-10
1.9423948188337443e-10
2.0115607200576378e-10
2.0822641317180157e-10
2.1544902170777155e-10
2.2282208932893517e-10
2.303434703558682e-10
2.3801066906371625e-10
2.458208272041932e-10
2.5377071174163824e-10
2.6185670284579795e-10
2.7007478218545277e-10
2.7842052156813095e-10
2.868890719724577e-10
2.954751530206923e-10
3.041730429400011e-10
3.1297656906190296e-10
3.2187909891003626e-10
3.308735319270187e-10
3.3995229189169776e-10
3.491073200782975e-10
3.5833006920933785e-10
3.676114982540117e-10
3.769420681237226e-10
3.863117383160487e-10
3.9570996455796504e-10
4.0512569749839e-10
4.145473824992992e-10
4.2396296057351643e-10
4.333598705159778e-10
4.4272505227383467e-10
4.520449515989532e-10
4.6130552602449633e-10
4.704922522051272e-10
4.7959013465795e-10
4.885837159387856e-10
4.974570882855326e-10
5.061939067573589e-10
5.147774038951891e-10
5.231904059256241e-10
5.314153505265661e-10
5.394343061691603e-10
5.472289930465045e-10
5.547808055953168e-10
5.620708366123443e-10
5.690799029626695e-10
5.757885728723705e-10
5.821771947929196e-10
5.882259278197257e-10
5.939147736420993e-10
5.992236099964248e-10
6.04132225589094e-10
6.086203564501142e-10
6.126677236728907e-10
6.162540724898991e-10
6.193592126284958e-10
6.219630598852979e-10
6.240456788520426e-10
6.255873267201727e-10
6.265684980857744e-10
6.269699706710834e-10
6.267728518732709e-10
6.259586260460739e-10
6.245092024144898e-10
6.224069635179301e-10
6.196348140723071e-10
6.161762301370065e-10
6.120153084682715e-10
6.071368159363888e-10
6.015262388802711e-10
5.951698322695058e-10
5.880546685405019e-10
5.801686859708267e-10
5.715007364528657e-10
5.620406325261715e-10
5.517791935258392e-10
5.407082907029336e-10
5.288208911723206e-10
5.161111005422218e-10
5.025742040805709e-10
4.882067062729488e-10
4.730063686282527e-10
4.569722455896389e-10
4.401047184100147e-10
4.224055268539229e-10
4.0387779859053994e-10
3.8452607614604024e-10
3.6435634128749106e-10
3.433760367145982e-10
3.2159408494134826e-10
2.990209042539708e-10
2.756684216388368e-10
2.5155008257912875e-10
2.2668085762695556e-10
2.0107724566441442e-10
1.747572737750291e-10
1.4774049365536728e-10
1.2004797450491027e-10
9.170229234154335e-11
6.272751569924942e-11
3.314918767414947e-11
2.9943042952486087e-12
-2.7708710793835837e-11
-5.89300353452607e-11
-9.063848120154993e-11
-1.228015306567345e-10
-1.5538537645377762e-10
-1.8835496537854312e-10
-2.2167404539834764e-10
-2.5530521628242676e-10
-2.8920998363057413e-10
-3.2334881622492986e-10
-3.5768120660871346e-10
-3.921657347857887e-10
-4.267601349228049e-10
-4.6142136492640334e-10
-4.961056787577747e-10
-5.307687013357162e-10
-5.65365505871414e-10
-5.998506934677565e-10
-6.34178474808154e-10
-6.683027537503836e-10
-7.021772126346517e-10
-7.357553991063478e-10
-7.689908142479541e-10
-8.018370018085344e-10
-8.342476383127284e-10
-8.661766238278973e-10
-8.975781731617268e-10
-9.284069072608525e-10
-9.586179445771846e-10
-9.881669921666895e-10
-1.0170104362840887e-9
-1.0451054322361403e-9
-1.0724099932559967e-9
-1.0988830781631213e-9
-1.124484677572586e-9
-1.1491758984229155e-9
-1.1729190465921057e-9
-1.1956777073769611e-9
-1.2174168236151211e-9
-1.2381027712342048e-9
-1.257703432019093e-9
-1.2761882633950365e-9
-1.293528365031476e-9
-1.3096965420804538e-9
-1.324667364870899e-9
-1.3384172248913889e-9
-1.3509243869022347e-9
-1.3621690370289394e-9
-1.3721333267011403e-9
-1.3808014123107374e-9
-1.388159490476432e-9
-1.3941958288137933e-9
-1.39890079212253e-9
-1.4022668639159159e-9
-1.4042886632303764e-9
-1.4049629566671409e-9
-1.4042886656312565e-9
-1.4022668687468514e-9
-1.3989007994420022e-9
-1.3941958387103399e-9
-1.3881595030696192e-9
-1.3808014277524223e-9
-1.372133345177005e-9
-1.3621690587605482e-9
-1.3509244121493324e-9
-1.3384172539547397e-9
-1.3246673980951934e-9
-1.3096965798583075e-9
-1.2935284078071985e-9
-1.2761883116693425e-9
-1.2577034863543344e-9
-1.238102832260037e-9
-1.2174168920349265e-9
-1.1956777839750545e-9
-1.1729191322416563e-9
-1.1491759940945662e-9
-1.1244847843441688e-9
-1.098883197230321e-9
-1.0724101259441293e-9
-1.0451055800128921e-9
-1.0170106007740539e-9
-9.881671751665649e-10
-9.586181480732167e-10
-9.28407133447589e-10
-8.975784244625122e-10
-8.6617690291758e-10
-8.34247948142505e-10
-8.018373456328803e-10
-7.6899119565458e-10
-7.35755822048355e-10
-7.021776814662184e-10
-6.683032732654964e-10
-6.3417905028298e-10
-5.998513307069698e-10
-5.653662112586182e-10
-5.307694818885226e-10
-4.961065421879244e-10
-4.614223197052158e-10
-4.2676119035254346e-10
-3.9216690107730353e-10
-3.5768249496597765e-10
-3.2335023893720703e-10
-2.892115541724551e-10
-2.5530694942258593e-10
-2.216759573179494e-10
-1.883570737996225e-10
-1.553877007788272e-10
-1.2280409212015844e-10
-9.06413030339726e-11
-5.89331429516397e-11
-2.771213194673041e-11
2.9905392464804284e-12
3.314504557653001e-11
6.272296035076768e-11
9.169728422563878e-11
1.200424705030193e-10
1.4773444673640122e-10
1.747506326594491e-10
2.0106995446164316e-10
2.2667285544364977e-10
2.5154130309633415e-10
2.7565879265591673e-10
2.9901034719667187e-10
3.2158251433151133e-10
3.433633595988874e-10
3.643424566219099e-10
3.8451087413361963e-10
4.0386115996845473e-10
4.2238732212687805e-10
4.400848070259828e-10
4.5695047505414223e-10
4.729825735530106e-10
4.881807073545601e-10
5.025458070043369e-10
5.160800948065289e-10
5.287870488280644e-10
5.406713650028162e-10
5.517389174773172e-10
5.619967173423755e-10
5.714528698947332e-10
5.80116530573843e-10
5.879978597188018e-10
5.951079762898887e-10
6.014589106981488e-10
6.070635568854511e-10
6.119356237951584e-10
6.160895863718018e-10
6.195406362253334e-10
6.223046320928943e-10
6.243980502273164e-10
6.258379348387143e-10
6.266418487108668e-10
6.268278241106701e-10
6.264143141039871e-10
6.254201443871045e-10
6.23864465737667e-10
6.217667071844769e-10
6.191465299900004e-10
6.160237825343226e-10
6.124184561837883e-10
6.083506422220797e-10
6.038404899160652e-10
5.989081657827856e-10
5.935738141186637e-10
5.878575188461905e-10
5.8177926672767e-10
5.753589119900974e-10
5.686161423996932e-10
5.615704468190437e-10
5.542410842744208e-10
5.466470545557433e-10
5.388070703661231e-10
5.307395310332381e-10
5.224624977896678e-10
5.139936706246658e-10
5.053503667052471e-10
4.965495003600657e-10
4.876075646154226e-10
4.785406142685773e-10
4.693642504799617e-10
4.600936068620402e-10
4.507433370393915e-10
4.413276036512767e-10
4.318600687650861e-10
4.22353885666352e-10
4.1282169198840323e-10
4.032756041426623e-10
3.9372721300830666e-10
3.8418758083845185e-10
3.7466723933813797e-10
3.6517618886828474e-10
3.5572389872844027e-10
3.4631930847024053e-10
3.3697083019281363e-10
3.2768635177070734e-10
3.1847324096470776e-10
3.0933835036562343e-10
3.002880231212295e-10
2.9132809939673737e-10
2.8246392351952913e-10
2.7370035175939823e-10
2.6504176069631845e-10
2.56492056128407e-10
2.4805468247395943e-10
2.3973263262229555e-10
2.315284581894982e-10
2.2344428013641332e-10
2.154817997076846e-10
2.0764230965213981e-10
1.9992670568637858e-10
1.9233549816515724e-10
1.848688239238481e-10
1.7752645826004195e-10
1.7030782702320606e-10
1.6321201878321347e-10
1.562377970504047e-10
1.4938361252180895e-10
1.4264761533012566e-10
1.3602766727392254e-10
1.2952135400956616e-10
1.2312599718725288e-10
1.1683866651549723e-10
1.1065619174028689e-10
1.045751745270341e-10
9.859200023525805e-11
9.270284957776248e-11
8.690371015779847e-11
8.119038787943762e-11
7.555851822798735e-11
7.000357741889625e-11
6.452089341510198e-11
5.910565681421627e-11
5.375293160831593e-11
4.845766582040394e-11
4.3214702022829234e-11
3.801878774402912e-11
3.286458577108152e-11
2.7746684356404283e-11
2.2659607337869878e-11
1.7597824182315095e-11
1.255575996311584e-11
7.527805283033553e-12
2.5083261540130016e-12
-2.5083261540136292e-12
-7.527805283034301e-12
-1.2555759963117178e-11
-1.7597824182315525e-11
-2.2659607337870834e-11
-2.7746684356405187e-11
-3.286458577108271e-11
-3.8018787744030116e-11
-4.321470202283003e-11
-4.845766582040561e-11
-5.375293160831702e-11
-5.910565681421744e-11
-6.452089341510282e-11
-7.000357741889701e-11
-7.555851822798678e-11
-8.119038787943727e-11
-8.69037101577991e-11
-9.27028495777634e-11
-9.859200023525933e-11
-1.045751745270359e-10
-1.1065619174028759e-10
-1.1683866651549756e-10
-1.2312599718725257e-10
-1.2952135400956616e-10
-1.3602766727392308e-10
-1.4264761533012617e-10
-1.4938361252181042e-10
-1.5623779705040537e-10
-1.6321201878321473e-10
-1.7030782702320668e-10
-1.7752645826004073e-10
-1.8486882392385037e-10
-1.9233549816515892e-10
-1.9992670568638052e-10
-2.0764230965214206e-10
-2.1548179970768548e-10
-2.234442801364125e-10
-2.3152845818949873e-10
-2.397326326222997e-10
-2.480546824739634e-10
-2.5649205612840605e-10
-2.650417606963175e-10
-2.7370035175940045e-10
-2.824639235195274e-10
-2.913280993967381e-10
-3.002880231212318e-10
-3.093383503656228e-10
-3.1847324096470693e-10
-3.2768635177071054e-10
-3.3697083019281616e-10
-3.4631930847024343e-10
-3.5572389872844187e-10
-3.651761888682881e-10
-3.746672393381393e-10
-3.8418758083845433e-10
-3.937272130083114e-10
-4.032756041426553e-10
-4.1282169198840587e-10
-4.2235388566634835e-10
-4.318600687650826e-10
-4.413276036512726e-10
-4.5074333703939674e-10
-4.6009360686204037e-10
-4.693642504799634e-10
-4.785406142685807e-10
-4.876075646154241e-10
-4.965495003600656e-10
-5.053503667052425e-10
-5.139936706246674e-10
-5.224624977896706e-10
-5.307395310332406e-10
-5.388070703661278e-10
-5.466470545557366e-10
-5.542410842744232e-10
-5.615704468190415e-10
-5.686161423996943e-10
-5.753589119901015e-10
-5.817792667276736e-10
-5.878575188461974e-10
-5.935738141186674e-10
-5.989081657827823e-10
-6.038404899160785e-10
-6.08350642222086e-10
-6.124184561837953e-10
-6.160237825343282e-10
-6.191465299900073e-10
-6.217667071844761e-10
-6.238644657376648e-10
-6.254201443870895e-10
-6.264143141039867e-10
-6.268278241106529e-10
-6.266418487108577e-10
-6.25837934838691e-10
-6.243980502273132e-10
-6.22304632092904e-10
-6.195406362253678e-10
-6.160895863718005e-10
-6.1193562379517e-10
-6.070635568854855e-10
-6.01458910698138e-10
-5.951079762898949e-10
-5.879978597188416e-10
-5.80116530573843e-10
-5.714528698947066e-10
-5.619967173423714e-10
-5.517389174773056e-10
-5.406713650028637e-10
-5.287870488280813e-10
-5.160800948065416e-10
-5.025458070043477e-10
-4.881807073545246e-10
-4.729825735530385e-10
-4.569504750541373e-10
-4.4008480702597966e-10
-4.2238732212688053e-10
-4.0386115996846145e-10
-3.845108741336066e-10
-3.6434245662190667e-10
-3.4336335959892956e-10
-3.2158251433154064e-10
-2.990103471966862e-10
-2.756587926559521e-10
-2.5154130309633146e-10
-2.2667285544369863e-10
-2.0106995446165715e-10
-1.747506326594855e-10
-1.4773444673645977e-10
-1.2004247050300936e-10
-9.169728422563749e-11
-6.272296035077457e-11
-3.314504557652263e-11
-2.990539246480397e-12
2.771213194674822e-11
5.893314295156126e-11
9.064130303398212e-11
1.2280409212011985e-10
1.553877007788181e-10
1.8835707379957413e-10
2.2167595731789602e-10
2.5530694942260563e-10
2.89211554172429e-10
3.233502389371632e-10
3.576824949659263e-10
3.921669010773219e-10
4.267611903524685e-10
4.614223197051247e-10
4.961065421878585e-10
5.307694818884861e-10
5.65366211258538e-10
5.998513307070178e-10
6.341790502829165e-10
6.683032732655517e-10
7.021776814661927e-10
7.357558220483129e-10
7.689911956545543e-10
8.018373456328485e-10
8.342479481424254e-10
8.661769029176026e-10
8.975784244624349e-10
9.28407133447486e-10
9.586181480731785e-10
9.88167175166567e-10
1.017010600774088e-9
1.0451055800128603e-9
1.0724101259441364e-9
1.0988831972304337e-9
1.1244847843441047e-9
1.1491759940944994e-9
1.1729191322416801e-9
1.1956777839750632e-9
1.217416892034934e-9
1.2381028322600023e-9
1.2577034863542277e-9
1.2761883116692642e-9
1.2935284078071236e-9
1.3096965798582694e-9
1.3246673980951488e-9
1.3384172539546502e-9
1.3509244121492563e-9
1.3621690587605712e-9
1.3721333451770028e-9
1.3808014277524336e-9
1.3881595030695642e-9
1.3941958387103517e-9
1.3989007994419174e-9
1.4022668687468374e-9
1.4042886656312663e-9
1.4049629566669858e-9
1.404288663230313e-9
1.4022668639157686e-9
1.3989007921226025e-9
1.3941958288137478e-9
1.3881594904763327e-9
1.3808014123107556e-9
1.372133326701131e-9
1.3621690370289312e-9
1.3509243869022103e-9
1.3384172248913746e-9
1.3246673648708507e-9
1.3096965420804292e-9
1.2935283650314143e-9
1.27618826339497e-9
1.257703432019134e-9
1.238102771234211e-9
1.2174168236151e-9
1.1956777073769574e-9
1.1729190465920647e-9
1.1491758984228326e-9
1.1244846775725305e-9
1.0988830781631424e-9
1.072409993255938e-9
1.0451054322361542e-9
1.0170104362840562e-9
9.881669921666455e-10
9.586179445771746e-10
9.284069072607752e-10
8.975781731615796e-10
8.661766238278974e-10
8.342476383126598e-10
8.018370018084571e-10
7.689908142478955e-10
7.357553991061919e-10
7.021772126346229e-10
6.683027537503732e-10
6.34178474808105e-10
5.99850693467723e-10
5.653655058714e-10
5.307687013356401e-10
4.961056787576958e-10
4.6142136492646424e-10
4.2676013492275386e-10
3.9216573478576206e-10
3.57681206608754e-10
3.233488162248665e-10
2.8920998363044674e-10
2.553052162823478e-10
2.2167404539833792e-10
1.8835496537854674e-10
1.5538537645382586e-10
1.2280153065672213e-10
9.063848120153108e-11
5.893003534516072e-11
2.7708710793783033e-11
-2.9943042952936646e-12
-3.314918767416127e-11
-6.272751569924074e-11
-9.170229234160285e-11
-1.2004797450488545e-10
-1.4774049365535446e-10
-1.7475727377500327e-10
-2.0107724566436802e-10
-2.2668085762701886e-10
-2.515500825791808e-10
-2.756684216388985e-10
-2.990209042539675e-10
-3.215940849413925e-10
-3.433760367146084e-10
-3.6435634128755817e-10
-3.845260761460463e-10
-4.0387779859057045e-10
-4.2240552685394963e-10
-4.401047184100328e-10
-4.5697224558965177e-10
-4.730063686283051e-10
-4.882067062729592e-10
-5.0257420408057e-10
-5.161111005422407e-10
-5.288208911723265e-10
-5.407082907029545e-10
-5.517791935258516e-10
-5.620406325261917e-10
-5.715007364528782e-10
-5.801686859708615e-10
-5.880546685405042e-10
-5.951698322695321e-10
-6.015262388802983e-10
-6.071368159363899e-10
-6.120153084682929e-10
-6.161762301370196e-10
-6.196348140723021e-10
-6.224069635179344e-10
-6.245092024144854e-10
-6.259586260460757e-10
-6.267728518732768e-10
-6.26969970671072e-10
-6.265684980857984e-10
-6.255873267201958e-10
-6.240456788520551e-10
-6.21963059885293e-10
-6.193592126285188e-10
-6.162540724899016e-10
-6.126677236729034e-10
-6.086203564501332e-10
-6.041322255891159e-10
-5.992236099964438e-10
-5.939147736420946e-10
-5.882259278197267e-10
-5.821771947929394e-10
-5.757885728723897e-10
-5.690799029626767e-10
-5.620708366123525e-10
-5.547808055953259e-10
-5.472289930465158e-10
-5.394343061691546e-10
-5.314153505265564e-10
-5.231904059256275e-10
-5.147774038951976e-10
-5.061939067573652e-10
-4.974570882855478e-10
-4.885837159387793e-10
-4.79590134657956e-10
-4.704922522051282e-10
-4.613055260245039e-10
-4.5204495159895894e-10
-4.427250522738428e-10
-4.333598705159831e-10
-4.2396296057351767e-10
-4.1454738249930005e-10
-4.051256974983935e-10
-3.957099645579652e-10
-3.863117383160613e-10
-3.7694206812372293e-10
-3.67611498254011e-10
-3.5833006920934e-10
-3.4910732007830014e-10
-3.3995229189170185e-10
-3.3087353192702376e-10
-3.2187909891003874e-10
-3.1297656906190316e-10
-3.041730429400012e-10
-2.954751530206911e-10
-2.868890719724598e-10
-2.784205215681311e-10
-2.7007478218545277e-10
-2.6185670284579904e-10
-2.53770711741638e-10
-2.458208272041952e-10
-2.380106690637165e-10
-2.3034347035586678e-10
-2.2282208932893778e-10
-2.1544902170777118e-10
-2.0822641317180175e-10
-2.0115607200576544e-10
-1.9423948188337608e-10
-1.8747781474562893e-10
-1.8087194373701375e-10
-1.7442245616452547e-10
-1.681296664460434e-10
-1.619936290162534e-10
-1.5601415116003418e-10
-1.5019080574490118e-10
-1.4452294382575903e-10
-1.3900970709702887e-10
-1.3365004016876162e-10
-1.2844270264516243e-10
-1.2338628098548856e-10
-1.1847920012902368e-10
-1.1371973486739896e-10
-1.0910602094907756e-10
-1.0463606590241799e-10
-1.003077595652257e-10
-9.611888431011087e-11
-9.206712495648468e-11
-8.815007836129784e-11
-8.436526268202426e-11
-8.071012630661876e-11
-7.718205644641076e-11
-7.377838738908204e-11
-7.049640840993167e-11
-6.733337134073984e-11
-6.428649779652047e-11
-6.13529860613712e-11
-5.853001763557042e-11
-5.5814763446807155e-11
-5.3204389729314847e-11
-5.069606357530167e-11
-4.82869581637728e-11
-4.5974257672453925e-11
-4.37551618790567e-11
-4.1626890458650186e-11
-3.9586686984335444e-11
-3.763182263884982e-11
-3.575959964505338e-11
-3.396735442358106e-11
-3.225246048621266e-11
-3.061233107370871e-11
-2.904442154708118e-11
-2.7546231541381727e-11
-2.6115306891214164e-11
-2.47492413372377e-11
-2.3445678022980405e-11
-2.2202310791278503e-11
-2.10168852896374e-11
-1.988719989376516e-11
-1.8811106458453506e-11
-1.7786510904875945e-11
-1.68113736532646e-11
-1.5883709909773857e-11
-1.5001589816192455e-11
-1.4163138470977142e-11
-1.3366535829908436e-11
-1.2610016494441731e-11
-1.1891869395637668e-11
-1.1210437381310623e-11
-1.0564116713807418e-11
-9.9513564855871e-12
-9.370657959525388e-12
-8.82057384060683e-12
-8.29970748542371e-12
-7.80671205563056e-12
-7.340289621248995e-12
-6.899190219455005e-12
-6.482210874216498e-12
-6.088194581897139e-12
-5.7160292676772126e-12
-5.364646717391788e-12
-5.033021489134974e-12
-4.720169808730999e-12
-4.42514845293046e-12
-4.147053623953874e-12
-3.885019818770708e-12
-3.638218696278618e-12
-3.4058579453269585e-12
-3.1871801563137798e-12
-2.9814616988846664e-12
-2.7880116080555607e-12
-2.606170480896999e-12
-2.435309385726975e-12
-2.274828785586234e-12
-2.1241574775989638e-12
-1.9827515496593416e-12
-1.850093355730712e-12
-1.7256905108970795e-12
-1.6090749071662541e-12
-1.4998017508926355e-12
-1.397448622561916e-12
-1.3016145595626725e-12
-1.2119191624581358e-12
-1.1280017251681701e-12
-1.0495203893736699e-12
-9.761513233643786e-13
-9.075879254672479e-13
-8.435400521130209e-13
-7.837332705268943e-13
-7.279081359615976e-13
-6.758194933299219e-13
-6.272358030374131e-13
-5.81938490765095e-13
-5.397213209048938e-13
-5.003897933094774e-13
-4.637605629801013e-13
-4.2966088228311194e-13
-3.9792806525592644e-13
-3.6840897353830896e-13
-3.409595234415964e-13
-3.154442136505849e-13
-2.917356730361118e-13
-2.697142280441221e-13
-2.4926748911615786e-13
-2.30289955589013e-13
-2.12682638515389e-13
-1.9635270084457419e-13
-1.8121311440055196e-13
-1.671823330958012e-13
-1.5418398182103473e-13
-1.4214656045509082e-13
-1.3100316244421679e-13
-1.2069120740645113e-13
-1.1115218722431221e-13
-1.0233142509753111e-13
-9.417784703700031e-14
-8.664376529126637e-14
-7.968467320788925e-14
-7.325905104326575e-14
-6.732818224671805e-14
-6.185597975676304e-14
-5.6808821860458644e-14
-5.215539717945005e-14
-4.786655835969477e-14
-4.391518405504544e-14
-4.027604880831253e-14
-3.6925700446810625e-14
-3.384234462279346e-14
-3.1005736142512124e-14
-2.8397076740865472e-14
-2.5998918971670656e-14
-2.3795075896541713e-14
-2.177053626803255e-14
-1.991138491525683e-14
-1.820472805238545e-14
-1.6638623242477807e-14
-1.5202013760753856e-14
-1.3884667112879892e-14
-1.267711747491409e-14
-1.1570611832389476e-14
-1.0557059606465142e-14
-9.628985565243074e-15
-8.7794858281612e-15
-8.002186780869915e-15
-7.291206727144758e-15
-6.641120113230009e-15
-6.046924168476361e-15
-5.504007814328595e-15
-5.008122701538882e-15
-4.555356243016149e-15
-4.1421065169244566e-15
-3.765058921543275e-15
-3.4211644699998507e-15
-3.107619619287153e-15
-2.8218475339939144e-15
-2.5614806909096736e-15
-2.3243447361279166e-15
-2.1084435114740952e-15
-1.9119451720232357e-15
-1.7331693211746224e-15
-1.570575094203232e-15
-1.4227501254426031e-15
-1.2884003382559097e-15
-1.166340500750083e-15
-1.0554854937762976e-15
-9.548422411563152e-16
-8.635022552793898e-16
-7.806347542432036e-16
-7.054803095669008e-16
-6.373449861968546e-16
-5.755949390608023e-16
-5.196514328129724e-16
-4.68986253657324e-16
-4.2311748424669875e-16
-3.816056146368404e-16
-3.440499641357571e-16
-3.1008539063335243e-16
-2.7937926563294703e-16
-2.516286947386034e-16
-2.265579647875308e-16
-2.0391620015926112e-16
-1.8347521204873116e-16
-1.6502752566365694e-16
-1.4838457140203965e-16
-1.3337502708812566e-16
-1.1984329929907003e-16
-1.0764813270322582e-16
-9.666133715975042e-17
-8.676662309986118e-17
-7.785853642810338e-17
-6.984148484906825e-17
-6.262884814545915e-17
-5.614216550947407e-17
-5.0310393564487385e-17
-4.506922921030602e-17
-4.0360491885636904e-17
-3.6131560267927175e-17
-3.233485882603123e-17
-2.892739000693296e-17
-2.5870308176383002e-17
-2.3128531746348042e-17
-2.0670390211610054e-17
-1.8467303085181133e-17
-1.6493487969099935e-17
-1.4725695224943135e-17
-1.3142966918568603e-17
-1.1726417907288242e-17
-1.045903711617938e-17
-9.325507214623285e-18
-8.312041055467782e-18
-7.406233378409516e-18
-6.596926407203023e-18
-5.874088087927289e-18
-5.228701823633646e-18
-4.652666659889459e-18
-4.138706966812247e-18
-3.680290746688769e-18
-3.2715557728533374e-18
-2.9072428356529245e-18
-2.58263543559736e-18
-2.293505322608031e-18
-2.0360633341174013e-18
-1.8069150339905088e-18
-1.603020699246008e-18
-1.4216592426664942e-18
-1.2603956969411393e-18
-1.1170519202547721e-18
-9.896802145161088e-19
-8.765395759320696e-19
-7.760743236350894e-19
-6.868948757542598e-19
-6.077604638917681e-19
-5.375635966000545e-19
-4.753161003195067e-19
-4.201365824820755e-19
-3.712391762544402e-19
-3.279234398113947e-19
-2.8956529521648476e-19
-2.5560890304794906e-19
-2.2555937894521253e-19
-1.9897626735399026e-19
-1.754676959998479e-19
-1.5468514209769523e-19
-1.363187480768559e-19
-1.2009313073285736e-19
-1.0576363326486494e-19
-9.311297467670708e-20
-8.194825555606461e-20
-7.209828334729653e-20
-6.341118393698335e-20
-5.575226971586002e-20
-4.9002137299096476e-20
-4.305497080994425e-20
-3.7817029087168485e-20
-3.320529738995779e-20
-2.914628616796058e-20
-2.5574961259924526e-20
-2.2433791500830336e-20
-1.9671901172063266e-20
-1.7244316037269313e-20
-1.511129288275195e-20
-1.3237723538131474e-20
-1.159260530240308e-20
-1.0148570552934681e-20
-8.881469080028449e-21
-7.769997375996308e-21
-6.79536972317475e-21
-5.941026476999483e-21
-5.192375434555868e-21
-4.536562621719684e-21
-3.962269228339056e-21
-3.459531775541901e-21
-3.019582916505181e-21
-2.6347105556489546e-21
-2.298133224734726e-21
-2.003889880810818e-21
-1.7467424931989253e-21
-1.5220899672365917e-21
-1.3258921135746153e-21
-1.1546025154939482e-21
-1.0051092747904454e-21
-8.74682730920482e-22
-7.609293497811796e-22
-6.617510690385407e-22
-5.753094675059491e-22
-4.999941977735146e-22
-4.343951850582576e-22
-3.7727815193090705e-22
-3.2756307895174943e-22
-2.843052559935863e-22
-2.4667861876191876e-22
-2.1396110028560994e-22
-1.855217584374744e-22
-1.6080946829000682e-22
-1.3934299270747198e-22
-1.2070226637116811e-22
-1.0452074774062216e-22
-9.047871054716478e-23
-7.829736154599458e-23
-6.773368463762617e-23
-5.857592330724699e-23
-5.063962379479709e-23
-4.37641706556483e-23
-3.780975453970828e-23
-3.2654719228935005e-23
-2.8193241338628313e-23
-2.4333301703998815e-23
-2.0994912426358734e-23
-1.810856791968845e-23
-1.561389214601463e-23
-1.3458457617491462e-23
-1.1596754727521546e-23
-9.989292600201345e-24
-8.601814958630278e-24
-7.404616545441214e-24
-6.371947416010782e-24
-5.4814939954087794e-24
-4.71392716983354e-24
-4.052508894860948e-24
-3.482749866332049e-24
-2.9921117328873e-24
-2.569748147655975e-24
-2.206279674249537e-24
-1.8935981911728416e-24
-1.6246969898079304e-24
-1.3935232436911175e-24
-1.1948499492681136e-24
-1.0241648079908929e-24
-8.77573843006309e-25
-7.517178264517054e-25
-6.436998405389618e-25
-5.510225115604937e-25
-4.7153364457298145e-25
-4.033791511889619e-25
-3.449623066299717e-25
-2.9490849757641864e-25
-2.5203473169496404e-25
-2.1532327504267303e-25
-1.83898866611115e-25
-1.5700903162755072e-25
-1.3400707823328872e-25
-1.1433741699805801e-25
-9.7522890444237e-26
-8.315384125480194e-26
-7.087868392104069e-26
-6.039577594462683e-26
-5.144641195258142e-26
-4.3808787743267733e-26
-3.7292801821278385e-26
-3.1735579802905484e-26
-2.699762253592477e-26
-2.2959492184760842e-26
-1.9518962154098902e-26
-1.6588566794162903e-26
-1.4093495553396698e-26
-1.1969783796529068e-26
-1.016275904265474e-26
-8.625707033360878e-27
-7.318726932177278e-27
-6.207749185266749e-27
-5.263693227842475e-27
-4.461745377907865e-27
-3.7807399854044456e-27
-3.2026292584521477e-27
-2.7120292194328642e-27
-2.295830995655959e-27
-1.9428681601016327e-27
-1.6436321399714113e-27
-1.3900288328388223e-27
-1.1751705366947548e-27
-9.931981323297664e-28
-8.391291727470772e-28
-7.087281505365533e-28
-5.983957441497328e-28
-5.050742996855804e-28
-4.261671964161402e-28
-3.5947008072347928e-28
-3.031122420561444e-28
-2.5550665255927446e-28
-2.1530740489664097e-28
-1.8137346538773897e-28
-1.5273781617358268e-28
-1.2858119435566466e-28
-1.0820975107753148e-28
-9.10360520452682e-29
-7.656292535148175e-29
-6.43697346818367e-29
-5.410071777438697e-29
-4.545508285380502e-29
-3.817860095214465e-29
-3.205647065196982e-29
-2.6907264787992456e-29
-2.2577796828573546e-29
-1.8938768722304468e-29
-1.5881082532520953e-29
-1.331271570441584e-29
-1.1156074752692467e-29
-9.345754897469383e-30
-7.826644033163318e-30
-6.55231866439617e-30
-5.483687319685785e-30
-4.587843659133768e-30
-3.837097198540243e-30
-3.208154426557982e-30
-2.6814272193336242e-30
-2.2404489660150334e-30
-1.871381800219445e-30
-1.5626008653896325e-30
-1.3043436926694345e-30
-1.0884145955491559e-30
-9.079355345928799e-31
-7.571362195260945e-31
-6.311773300822147e-31
-5.260016813521674e-31
-4.382089595246482e-31
-3.6495033162934125e-31
-3.038398067178494e-31
-2.5287971159692555e-31
-2.103980551531354e-31
-1.7499590286245496e-31
-1.4550317692563954e-31
-1.2094154582453902e-31
-1.004932769195618e-31
-8.347510292232573e-32
-6.931630269077274e-32
-5.754032306372903e-32
-4.7749374979619727e-32
-3.9611526965478363e-32
-3.284989482381592e-32
-2.723359017623912e-32
-2.2570144297812274e-32
-1.8699168962964887e-32
-1.5487054148489872e-32
-1.2822534523253862e-32
-1.0612983644875781e-32
-8.781317481578917e-33
-7.263407958378513e-33
-6.005923261581685e-33
-4.9645251056140385e-33
-4.102364477739678e-33
-3.388826871755189e-33
-2.7984859899939047e-33
-2.310231577176301e-33
-1.9065426547853353e-33
-1.5728821231934687e-33
-1.2971926360100043e-33
-1.0694769491979457e-33
-8.81448709240196e-34
-7.262419563917152e-34
-5.981695534899249e-34
-4.92522368904484e-34
-4.054023952483608e-34
-3.335841164614498e-34
-2.7439938092372515e-34
-2.256418276477479e-34
-1.8548757174567928e-34
-1.5242940555690161e-34
-1.2522223090927536e-34
-1.0283782091783199e-34
-8.442732902179267e-35
-6.929022910281759e-35
-5.68485922868995e-35
-4.66257907437201e-35
-3.822887259723925e-35
-3.133398007672665e-35
-2.56742895541344e-35
-2.1030040710645135e-35
-1.7220295741348019e-35
-1.4096130736870957e-35
-1.1535012256048046e-35
-9.436154360517668e-36
-7.716686468249738e-36
-6.308491504847909e-36
-5.155597994608237e-36
-4.212029774866127e-36
-3.440033634490414e-36
-2.8086189505581155e-36
-2.2923548091717214e-36
-1.8703795484838177e-36
-1.525585488121383e-36
-1.2439480867972795e-36
-1.0139741294320049e-36
-8.262479780244236e-37
-6.730585857275135e-37
-5.480930029879226e-37
-4.4618460762717636e-37
-3.6310635810710958e-37
-2.9540107617289325e-37
-2.4024217393400772e-37
-1.9531940288347826e-37
-1.587451611298135e-37
-1.2897768563653915e-37
-1.0475810782718561e-37
-8.505888775854592e-38
-6.904158423664352e-38
-5.602228231479555e-38
-4.544329926619811e-38
-3.685003667305286e-38
-2.9872049061552483e-38
-2.4207566246165233e-38
-1.9610843590007583e-38
-1.588182698843174e-38
-1.28577118678687e-38
-1.0406051428394027e-38
-8.419131685972242e-39
-6.809382009856491e-39
-5.505631796033227e-39
-4.450058309742987e-39
-3.5956989195153517e-39
-2.904424042319321e-39
-2.3452860377984052e-39
-1.8931747797055227e-39
-1.5277233114603295e-39
-1.232417366832594e-39
-9.938710221257257e-40
-8.012376843447603e-40
-6.457312908547131e-40
-5.202372297633327e-40
-4.189962751251938e-40
-3.3734792148775442e-40
-2.715220248375484e-40
-2.1846971528407748e-40
-1.757262257139227e-40
-1.4129964960524191e-40
-1.135807570495564e-40
-9.126990726015051e-41
-7.331783646214108e-41
-5.887770311781047e-41
-4.726626332281986e-41
-3.793244864190118e-41
-3.0431943561541335e-41
-2.4406623934519007e-41
-1.9567932547805167e-41
-1.5683442452563778e-41
-1.2566000448071832e-41
-1.0064958217731045e-41
-8.05909205234641e-42
-6.450887916422363e-42
-5.1619301176319674e-42
-4.1291817138326436e-42
-3.301985221252766e-42
-2.6396449491729393e-42
-2.1094788255897712e-42
-1.685249069464018e-42
-1.3458984624119991e-42
-1.0745330511086602e-42
-8.576035004561968e-43
-6.842465273774596e-43
-5.457552902947911e-43
-4.351536259539173e-43
-3.468538857194397e-43
-2.76382048605014e-43
-2.2015695701662943e-43
-1.7531307836923867e-43
-1.3955825870372213e-43
-1.1105959812038085e-43
-8.835191908021659e-44
-7.02643795287678e-44
-5.586165360397061e-44
-4.4396803992618804e-44
-3.527353460292987e-44
-2.801596661111731e-44
-2.224444650853593e-44
-1.7656188782941448e-44
-1.4009792241264286e-44
-1.1112858954039964e-44
-8.812097429939075e-45
-6.985414211829045e-45
-5.535596504216573e-45
-4.3852674323165e-45
-3.472858908811492e-45
-2.749397914852334e-45
-2.1759427564437833e-45
-1.7215385221787102e-45
-1.3615871402266589e-45
-1.0765483949499309e-45
-8.509050477586099e-46
-6.7233864100313344e-46
-5.310733128440867e-46
-4.1935354883707024e-46
-3.3102867065454713e-46
-2.612223573974293e-46
-2.0606988570269135e-46
-1.6250928204813365e-46
-1.2811538113926793e-46
-1.0096801967269056e-46
-7.954737852278604e-47
-6.265090925857263e-47
-4.932741549982454e-47
-3.882476405275053e-47
-3.054842147567415e-47
-2.402858583764088e-47
-1.8894140611670748e-47
-1.485202158181659e-47
-1.1670877257545615e-47
-9.168133679733857e-48
-7.199757718341867e-48
-5.652158612420282e-48
-4.435783251404675e-48
-3.4800526501851074e-48
-2.7293600961133805e-48
-2.1399094202050968e-48
-1.6772178541073344e-48
-1.3141444357648214e-48
-1.0293338751868613e-48
-8.059887423084484e-49
-6.309010282022725e-49
-4.9368854171872e-49
-3.861930170240549e-49
-3.020058438630592e-49
-2.3609448432908162e-49
-1.8450829851592133e-49
-1.4414697696408413e-49
-1.1257831643417139e-49
-8.789487243546776e-50
-6.860123182657954e-50
-5.352539429725691e-50
-4.174912975811193e-50
-3.2553266519104937e-50
-2.5374723511272865e-50
-1.9772776877906062e-50
-1.5402585144378644e-50
-1.1994418009239507e-50
-9.337365409003314e-51
-7.266564723606797e-51
-5.65318968286799e-51
-4.396606452755782e-51
-3.418229796617402e-51
-2.6567124387112653e-51
-2.0641795784575798e-51
-1.6032824664911577e-51
-1.244893647190944e-51
-9.663047253613375e-52
-7.498175556802638e-52
-5.816433373242042e-52
-4.5104260453178934e-52
-3.496536241351006e-52
-2.7096809875853785e-52
-2.0992200226471484e-52
-1.6257637108061107e-52
-1.2586835698714135e-52
-9.741714042752478e-53
-7.53726649060819e-53
-5.829778401633427e-53
-4.507647112693298e-53
-3.4842351791282203e-53
-2.6923077801792863e-53
-2.079704575303039e-53
-1.605973178399639e-53
-1.2397514676661081e-53
-9.56732837872943e-54
-7.380851017698186e-54
-5.692223061895411e-54
-4.388510053942943e-54
-3.382299051924776e-54
-2.6059533223018552e-54
-2.0071553456217218e-54
-1.5454503923169695e-54
-1.1895669339909832e-54
-9.15339983419823e-55
-7.04102232442429e-55
-5.4143802215977675e-55
-4.162186385968232e-55
-3.198556641332388e-55
-2.4572328801517564e-55
-1.887114901431053e-55
-1.4488056368441144e-55
-1.1119408105795442e-55
-8.531256039997547e-56
-6.54340872132914e-56
-5.017124636925659e-56
-3.845612349817746e-56
-2.946699794955402e-56
-2.257179307373658e-56
-1.7284467681114723e-56
-1.3231398263081986e-56
-1.0125471650490514e-56
-7.746126276329898e-57
-5.923981262644028e-57
-4.5290026627906615e-57
-3.4613959002198436e-57
-2.6445986743639934e-57
-2.0198916869108562e-57
-1.542255030726434e-57
-1.177183374989015e-57
-8.982388981186264e-58
-6.851716938172172e-58
-5.22476530571953e-58
-3.982850299183452e-58
-3.035155907851005e-58
-2.3122130810013667e-58
-1.7608993528274445e-58
-1.3406056562791704e-58
-1.0202988505802622e-58
-7.76271401223608e-59
-5.9041803848072934e-59
-4.48916422631035e-59
-3.4121743715644685e-59
-2.59272699958114e-59
-1.9694375624509502e-59
-1.4955037250094672e-59
-1.135252951988471e-59
-8.615046815308301e-60
-6.535555508937337e-60
-4.9564101771222587e-60
-3.7576112009850424e-60
-2.8478447849803387e-60
-2.1576483410916262e-60
-1.63419880771148e-60
-1.2373398349722838e-60
-9.365543448515491e-61
-7.086582645334643e-61
-5.36044220031955e-61
-4.053444856520144e-61
-3.0641344240980767e-61
-2.3155344908066278e-61
-1.7492609172119945e-61
-1.3210456719714728e-61
-9.973348053895383e-62
-7.527036541171101e-62
-5.678936097861348e-62
-4.283214758942155e-62
-3.2294802461899356e-62
-2.4341948019179035e-62
-1.8341630813787056e-62
-1.3815941499651199e-62
-1.040358326462778e-62
-7.831506906603846e-63
-5.893423517553112e-63
-4.4335325312127313e-63
-3.334203328417176e-63
-2.5066528843717234e-63
-1.8838930927576384e-63
-1.4153969340551817e-63
-1.0630659076928345e-63
-7.981822699373287e-64
-5.991063333476143e-64
-4.4953726133097544e-64
-3.3719989695867315e-64
-2.52853591376362e-64
-1.8954432125319625e-64
-1.420405642080994e-64
-1.0640792209859687e-64
-7.968847232239905e-65
-5.965914255128963e-65
-4.464969358160807e-65
-3.3405650290326363e-65
-2.4985114970140456e-65
-1.8681113138818153e-65
-1.3963173296590182e-65
-1.0433391083338933e-65
-7.793397517956223e-66
-5.819533289994133e-66
-4.344196616125646e-66
-3.2418340499382965e-66
-2.418421965085864e-66
-1.80357153624038e-66
-1.344604820681238e-66
-1.002111289117424e-66
-7.466159214982593e-67
-5.5608162319271163e-67
-4.140376601132083e-67
-3.081776621378671e-67
-2.293097271032459e-67
-1.705704563859022e-67
-1.2683676607952446e-67
-9.428585126854162e-68
-7.006609472438603e-68
-5.205102890999081e-68
-3.8655451418153185e-68
-2.8698037958869377e-68
-2.1298729113885428e-68
-1.5802114507409706e-68
-1.1720246645618842e-68
-8.689971104902e-69
-6.44109863943714e-69
-4.772672193817356e-69
-3.53527582418997e-69
-2.61785171751871e-69
-1.937879765841013e-69
-1.4340644172876296e-69
-1.0608904526446365e-69
-7.84571401015733e-70
-5.800353454257988e-70
-4.2868323531371094e-70
-3.167222675153022e-70
-2.3392721788861094e-70
-1.7272013748292965e-70
-1.2748681104712525e-70
-9.406923369653011e-71
-6.938890309600361e-71
-5.116730083749778e-71
-3.771855660760676e-71
-2.7795705136926917e-71
-2.047672050527682e-71
-1.5080064068039092e-71
-1.110212340635879e-71
-8.170883076013169e-72
-6.011626979616985e-72
-4.421556097541457e-72
-3.251010270197323e-72
-2.3895803207686e-72
-1.755840313144428e-72
-1.2897587779148496e-72
-9.470917726778415e-73
-6.952415719147544e-73
-5.101988799599264e-73
-3.742858165809075e-73
-2.744905150671581e-73
-2.01238661103954e-73
-1.474876320729486e-73
-1.0805873910234113e-73
-7.91451485876895e-74
-5.7949382751776084e-74
-4.241636469432986e-74
-3.1036889549822918e-74
-2.270298985463282e-74
-1.660152712766906e-74
-1.2135932313166985e-74
-8.868667552036372e-75
-6.478936608568253e-75
-4.731612968324884e-75
-3.4544175015950025e-75
-2.521160929504296e-75
-1.8394434632343812e-75
-1.341629053116732e-75
-9.78224647710465e-76
-7.130252119807858e-76
-5.195547403686469e-76
-3.784581644941267e-76
-2.755907200272024e-76
-2.0061871560571147e-76
-1.459951568658317e-76
-1.0621004710627393e-76
-7.724189227655736e-77
-5.615654242218784e-77
-4.08138881749368e-77
-2.9653484687907935e-77
-2.15379150638799e-77
-1.563837932664741e-77
-1.1351153268126036e-77
-8.236607959896487e-78
-5.974711885621668e-78
-4.33257117586259e-78
-3.1407589992946735e-78
-2.2760599109085487e-78
-1.6488947591027497e-78
-1.1941595579961989e-78
-8.645536635052695e-79
-6.257224375305892e-79
-4.527220836646146e-79
-3.274475995978963e-79
-2.3676206770716736e-79
-1.7113649003649226e-79
-1.2366115594939218e-79
-8.932729231503495e-80
-6.450527428107577e-80
-4.656573609779098e-80
-3.360453656477803e-80
-2.4243177524187175e-80
-1.7484022945261584e-80
-1.2605305928032783e-80
-9.085014214061367e-81
-6.545729158904906e-81
-4.714662982104885e-81
-3.3947162433209767e-81
-2.4435234314826876e-81
-1.7582869129207968e-81
-1.2648038739282483e-81
-9.095296053531028e-82
-6.538388225925946e-82
-4.6987764158270684e-82
-3.3756629012633563e-82
-2.424340278976755e-82
-1.740557202193594e-82
-1.2492324100618392e-82
-8.963103385095762e-83
-6.428857369046905e-83
-4.609665360635084e-83
-3.3041916714820705e-83
-2.3676706582390576e-83
-1.6960458172514766e-83
-1.2145463632505171e-83
-8.694624825156863e-84
-6.2222553315447845e-84
-4.451486333641689e-84
-3.183629322376325e-84
-2.2761463626384994e-84
-1.6268147922252834e-84
-1.162348289006559e-84
-8.302228657492347e-85
-5.928070275589288e-85
-4.2314795000712295e-85
-3.0194746319902986e-85
-2.1539259918094224e-85
-1.535997178584227e-85
-1.0949903948056909e-85
-7.803518303305261e-86
-5.55943748136101e-86
-3.9594193682316815e-86
-2.8189827098780674e-86
-2.0063817973905682e-86
-1.4275620868579155e-86
-1.0153989095876908e-86
-7.2200240169719025e-87
-5.1321678944188815e-87
-3.64689562556561e-87
-2.5906341073811282e-87
-1.8397088267596853e-87
-1.306027659202962e-87
-9.268638158931647e-88
-6.575666117297299e-88
-4.663627482215483e-88
-3.306497717702996e-88
-2.3435427390684706e-88
-1.6604958972135428e-88
-1.1761508177706425e-88
-8.328149324803369e-89
-5.895142048020111e-89
-4.171577614914678e-89
-2.950982725474207e-89
-2.0868598919531766e-89
-1.4752995328117805e-89
-1.0426232526868417e-89
-7.366053996905769e-90
-5.202387308251088e-90
-3.673083132788254e-90
-2.59250216944356e-90
-1.829227807497039e-90
-1.290258587102457e-90
-9.098001828861474e-91
-6.413211772884594e-91
-4.5192403932850435e-91
-3.183578830768912e-91
-2.2419507940938337e-91
-1.57832650557827e-91
-1.1107796879828894e-91
-7.814826072619523e-92
-5.4963073846225664e-92
-3.864408416646264e-92
-2.7161599251594233e-92
-1.9084815595453136e-92
-1.340543505123654e-92
-9.413132526890646e-93
-6.607660943870372e-93
-4.63683503319613e-93
-3.2527887503537886e-93
-2.2811318801701392e-93
-1.5992090936575517e-93
-1.1207801493106038e-93
-7.852282836985728e-94
-5.499608367018873e-94
-3.8505956914679517e-94
-2.6951590861088675e-94
-1.8858242638479592e-94
-1.3191019548690687e-94
-9.223926645701537e-95
-6.447831063821008e-95
-4.505798792504073e-95
-3.14767782107056e-95
-2.198209550943059e-95
-1.5346461177496167e-95
-1.0710450513801631e-95
-7.4725283837692005e-96
-5.211800095217771e-96
-3.6338606453820774e-96
-2.532848022838298e-96
-1.7648603266988905e-96
-1.2293396684031736e-96
-8.560394882279416e-97
-5.959036570697095e-97
-4.146853118190682e-97
-2.8848391717009357e-97
-2.0062493665334128e-97
-1.394789189092907e-97
-9.693767236779424e-98
-6.734990048850285e-98
-4.677800399832332e-98
-3.247930843373534e-98
-2.2544064581147012e-98
-1.5642927306836143e-98
-1.0850860904722153e-98
-7.52438014519491e-99
-5.216000513516532e-99
-3.614638646904816e-99
-2.5041048909062226e-99
-1.7342053155175416e-99
-1.200629136712359e-99
-8.309552080297413e-100
-5.749190786300187e-100
-3.9764561716008723e-100
-2.749451433304165e-100
-1.9004492643412687e-100
-1.3131879316514116e-100
-9.071056306055994e-101
-6.263963530809841e-101
-4.324152059064005e-101
-2.9840979530293207e-101
-2.0586644895190142e-101
-1.4197715009860444e-101
-9.788400238990671e-102
-6.746295625692908e-102
-4.648142172453706e-102
-3.201502352535727e-102
-2.2043910304682522e-102
-1.5173432403637003e-102
-1.0440935754941609e-102
-7.182165425682647e-103
-4.938917557089021e-103
-3.395224866661434e-103
-2.333273796438968e-103
-1.6029621221552686e-103
-1.1008831212510311e-103
-7.55822060912396e-104
-5.1875024343987623e-104
-3.559241552793975e-104
-2.4412767407364418e-104
-1.6739287396518944e-104
-1.1474065409468204e-104
-7.862453336219376e-105
-5.385911906650334e-105
-3.688253954374604e-105
-2.524891934385464e-105
-1.727926167645875e-105
-1.1821374544738612e-105
-8.084835427973501e-106
-5.527577009402869e-106
-3.777972846057878e-106
-2.5813284973753426e-106
-1.7631454239922327e-106
-1.203908299118331e-106
-8.217866821096099e-107
-5.60770561938749e-107
-3.825354903556017e-107
-2.6086672153084496e-107
-1.7783860675328705e-107
-1.211975487178418e-107
-8.256995493709006e-108
-5.623551578145571e-108
-3.82877409279835e-108
-2.6059688985784687e-108
-1.773124131977634e-108
-1.2060615734029415e-108
-8.200876074639386e-109
-5.574570954001308e-109
-3.7881143175850716e-109
-2.57332795170232e-109
-1.7475420340729595e-109
-1.1863710972712124e-109
-8.05144664561307e-110
-5.462453041489575e-110
-3.704775963455196e-110
-2.511866891426004e-110
-1.7025180751347333e-110
-1.1535788384976865e-110
-7.813817621688039e-111
-5.2910236342619e-111
-3.581595823432196e-111
-2.4236722574103264e-111
-1.6395763785282745e-111
-1.1087914262033294e-111
-7.495981594805963e-112
-5.06602829538667e-112
-3.4226867909979254e-112
-2.311677018490743e-112
-1.5608012425804743e-112
-1.0534853477913438e-112
-7.108367115061683e-113
-4.7948127468230463e-113
-3.2332099531629115e-113
-2.1794987162802206e-113
-1.468722620178038e-113
-9.894261996475497e-114
-6.663271144117334e-114
-4.485925165378433e-114
-3.019096689135082e-114
-2.031245796524906e-114
-1.3661814945989259e-114
-9.185753335237601e-115
-6.174213212983375e-115
-4.148670376695539e-115
-2.7867416114874875e-115
-1.8713065612591969e-115