1.0459036644645925e-17
1.1726417356265957e-17
1.3142966274868922e-17
1.4725694473225385e-17
1.6493487091526432e-17
1.8467302061016967e-17
2.067038901676019e-17
2.3128530352825253e-17
2.587030655168596e-17
2.892738811333446e-17
3.2334856619751704e-17
3.613155769818013e-17
4.0360488893525756e-17
4.5069225727557405e-17
5.0310389511978685e-17
5.614216079554723e-17
6.26288426639642e-17
6.98414784771201e-17
7.785852902348742e-17
8.676661449804907e-17
9.666132717045974e-17
1.0764812110647324e-16
1.1984328584061227e-16
1.33375011474238e-16
1.4838455329346946e-16
1.6502750466874633e-16
1.8347518771542872e-16
2.0391617196602064e-16
2.265579321328145e-16
2.5162865692884977e-16
2.7937922186877994e-16
3.1008533999373366e-16
3.4404990555983497e-16
3.816055469031577e-16
4.231174059493321e-16
4.689861631786122e-16
5.196513282922198e-16
5.755948183585518e-16
6.373448468538799e-16
7.054801487574507e-16
7.806345687214515e-16
8.635020413182924e-16
9.548419944776948e-16
1.0554852094710394e-15
1.1663401731870005e-15
1.2883999609777736e-15
1.422749691047406e-15
1.5705745942090352e-15
1.7331687458651774e-15
1.911944510272232e-15
2.108442750544733e-15
2.3243438614452053e-15
2.561479685800408e-15
2.8218463793914326e-15
3.1076182933949944e-15
3.421162947909892e-15
3.7650571748008404e-15
4.142104513034691e-15
4.555353944882961e-15
5.008120066828367e-15
5.5040047947457275e-15
6.046920708944619e-15
6.641116150960767e-15
7.2912021905822e-15
8.002181588494292e-15
8.779479887134944e-15
9.628978769873386e-15
1.0557051836467781e-14
1.1570602950920361e-14
1.2677107326343533e-14
1.3884655520274656e-14
1.5202000523030533e-14
1.6638608131184735e-14
1.8204710808069518e-14
1.9911365243355563e-14
2.1770513834241423e-14
2.3795050321580443e-14
2.5998889825384926e-14
2.8397043535568066e-14
3.1005698325483325e-14
3.3842301567822256e-14
3.69256514446731e-14
4.0275993056042164e-14
4.3915120643861e-14
4.7866486261411594e-14
5.2155315231195675e-14
5.6808728747484427e-14
6.185587399312963e-14
6.732806215358614e-14
7.325891472451934e-14
7.96845185227458e-14
8.664358982357065e-14
9.417764806073096e-14
1.0233119953815307e-13
1.1115193161540862e-13
1.2069091784115564e-13
1.3100283452077747e-13
1.421461892159154e-13
1.541835616844522e-13
1.671818577796998e-13
1.8121257683695444e-13
1.9635209308410965e-13
2.1268195162051725e-13
2.3028917951469246e-13
2.492666125765873e-13
2.697132383639086e-13
2.917345559841966e-13
3.154429532548867e-13
3.4095810178235597e-13
3.6840737051760625e-13
3.979262583408952e-13
4.2965884621977456e-13
4.637582694747892e-13
5.003872106740416e-13
5.397184136620631e-13
5.819352192093304e-13
6.272321227466781e-13
6.758153546229534e-13
7.279034832949412e-13
7.837280418250623e-13
8.43534178024923e-13
9.075813285408501e-13
9.761439171310197e-13
1.0495120773326267e-12
1.1279923996609653e-12
1.2119087034210163e-12
1.3016028331447614e-12
1.397435479594991e-12
1.499787025197394e-12
1.6090584136782922e-12
1.7256720435940072e-12
1.850072685340515e-12
1.9827284211275874e-12
2.124131607290786e-12
2.2747998581962135e-12
2.4352770508681354e-12
2.6061343493367595e-12
2.7879712475636964e-12
2.9814166296554493e-12
3.18712984592024e-12
3.405801803161417e-12
3.638156067430515e-12
3.884949977285835e-12
4.1469757654174435e-12
4.425061686307403e-12
4.720073147393824e-12
5.0329138410022754e-12
5.3645268740924736e-12
5.7158958926501036e-12
6.0880461973257274e-12
6.482045846690766e-12
6.8990067442429605e-12
7.340085705048913e-12
7.806485497665705e-12
8.299455856728963e-12
8.820294461341252e-12
9.370347874134784e-12
9.951012435623005e-12
1.0563735108192608e-11
1.1210014263826414e-11
1.1891400409384037e-11
1.260949684300885e-11
1.3365960234969315e-11
1.4162501125990994e-11
1.500088433588261e-11
1.588292927501968e-11
1.6810510151009312e-11
1.778555606263499e-11
1.8810050972959835e-11
1.9886033553264567e-11
2.101559688929915e-11
2.220088804115317e-11
2.3444107447886256e-11
2.4747508167916518e-11
2.6113394946042333e-11
2.7544123097870515e-11
2.904209720234482e-11
3.0609769593017685e-11
3.2249638638678736e-11
3.396424680396195e-11
3.5756178480583003e-11
3.762805757992855e-11
3.958254487781851e-11
4.162233510240709e-11
4.3750153756355426e-11
4.596875366463974e-11
4.828091123960431e-11
5.068942245518847e-11
5.319709852258772e-11
5.5806761260025954e-11
5.852123814974237e-11
6.134335707580704e-11
6.427594073691353e-11
6.732180072890805e-11
7.048373129245689e-11
7.376450272196965e-11
7.716685443264947e-11
8.06934876833755e-11
8.434705795397225e-11
8.813016697638283e-11
9.204535442021627e-11
9.609508923421368e-11
1.0028176064625341e-10
1.046076688256775e-10
1.0907501521293499e-10
1.1368589252277713e-10
1.1844227442857715e-10
1.233460049366802e-10
1.283987874611082e-10
1.3360217361040197e-10
1.3895755169984724e-10
1.4446613500389772e-10
1.501289497651437e-10
1.5594682297778784e-10
1.6192036996520823e-10
1.680499817728339e-10
1.743358123992345e-10
1.8077776588997646e-10
1.8737548332053175e-10
1.9412832969615054e-10
2.0103538079835756e-10
2.0809541000935757e-10
2.153068751473155e-10
2.2266790534711287e-10
2.3017628802277187e-10
2.378294559493149e-10
2.4562447450334996e-10
2.535580291031217e-10
2.616264128902082e-10
2.6982551469633586e-10
2.7815080734008613e-10
2.8659733629942153e-10
2.9515970880704166e-10
3.0383208341655877e-10
3.126081600883641e-10
3.214811708447788e-10
3.304438710447367e-10
3.3948853132871635e-10
3.48606930284988e-10
3.5779034788843213e-10
3.6702955976324677e-10
3.7631483232068553e-10
3.8563591882272026e-10
3.949820564220055e-10
4.043419642278624e-10
4.1370384244718807e-10
4.230553726480499e-10
4.3238371919261375e-10
4.4167553188446386e-10
4.5091694987378763e-10
4.600936068620407e-10
4.691906376455657e-10
4.781926860353904e-10
4.87083914187895e-10
4.958480133783672e-10
5.044682162464604e-10
5.129273105394622e-10
5.2120765437597e-10
5.292911930489693e-10
5.371594773835758e-10
5.44793683660781e-10
5.521746351144264e-10
5.592828250042892e-10
5.660984412637865e-10
5.726013927160621e-10
5.78771336847597e-10
5.845877091234498e-10
5.900297538233335e-10
5.950765563724801e-10
5.997070771361714e-10
6.039001866413892e-10
6.076347021837667e-10
6.108894257725218e-10
6.136431833608389e-10
6.15874865303418e-10
6.175634679778466e-10
6.186881365007402e-10
6.192282084645548e-10
6.191632586154877e-10
6.184731443878809e-10
6.171380522055131e-10
6.151385444550159e-10
6.124556070324098e-10
6.090706973585702e-10
6.049657927557754e-10
6.001234390727257e-10
5.945267994420545e-10
5.881597030504843e-10
5.810066937986639e-10
5.730530787244766e-10
5.642849760612417e-10
5.546893627998187e-10
5.442541216215439e-10
5.329680870676641e-10
5.20821090809508e-10
5.078040058830648e-10
4.939087897513837e-10
4.791285260580947e-10
4.634574649362869e-10
4.468910617376911e-10
4.29426014049021e-10
4.1106029686381824e-10
3.917931957812223e-10
3.716253381054661e-10
3.505587217237845e-10
3.2859674164395926e-10
3.057442140775145e-10
2.8200739795901103e-10
2.573940137976255e-10
2.3191325976242134e-10
2.0557582490969635e-10
1.783938994666386e-10
1.503811820930766e-10
1.2155288405024057e-10
9.192573021374125e-11
6.151795687527313e-11
3.0349306286964785e-11
-1.5589820894796893e-12
-3.4184183657707244e-11
-6.750210410452219e-11
-1.0148709817135425e-10
-1.3611209177843774e-10
-1.7134860749304931e-10
-2.071667933215194e-10
-2.435354547953985e-10
-2.8042209031260226e-10
-3.1779292968288803e-10
-3.556129758184929e-10
-3.938460494997961e-10
-4.3245483713615833e-10
-4.71400941433057e-10
-5.10644934865831e-10
-5.50146415852519e-10
-5.898640675081583e-10
-6.297557188544269e-10
-6.697784083507877e-10
-7.098884496040313e-10
-7.500414991068978e-10
-7.901926258480899e-10
-8.302963826303042e-10
-8.703068789260219e-10
-9.101778550953962e-10
-9.498627577859977e-10
-9.893148163285724e-10
-1.028487119940501e-9
-1.067332695544108e-9
-1.105804586005613e-9
-1.1438559285974182e-9
-1.1814400334859802e-9
-1.2185104620472376e-9
-1.2550211048102447e-9
-1.2909262588325478e-9
-1.3261807043107646e-9
-1.360739780232837e-9
-1.3945594588814817e-9
-1.4275964190013679e-9
-1.4598081174475022e-9
-1.491152859137224e-9
-1.521589865133463e-9
-1.5510793386930781e-9
-1.5795825291222052e-9
-1.6070617932859937e-9
-1.6334806546296838e-9
-1.6588038595761187e-9
-1.6829974311730019e-9
-1.706028719873866e-9
-1.7278664513456626e-9
-1.7484807712062862e-9
-1.767843286606452e-9
-1.7859271045804282e-9
-1.8027068671016303e-9
-1.8181587827903865e-9
-1.832260655232294e-9
-1.8449919078777109e-9
-1.85633360550383e-9
-1.8662684722326155e-9
-1.874780906109975e-9
-1.8818569902618204e-9
-1.8874845006550935e-9
-1.8916529105024044e-9
-1.8943533913596953e-9
-1.8955788109772254e-9
-1.895323727974113e-9
-1.8935843834168148e-9
-1.8903586893910824e-9
-1.885646214666407e-9
-1.8794481675589826e-9
-1.871767376110161e-9
-1.8626082657006555e-9
-1.8519768342313117e-9
-1.8398806250051031e-9
-1.8263286974509607e-9
-1.8113315958355698e-9
-1.7949013161129887e-9
-1.777051271064153e-9
-1.7577962538833773e-9
-1.7371524003689543e-9
-1.7151371498769495e-9
-1.6917692051976134e-9
-1.667068491513633e-9
-1.64105611459861e-9
-1.6137543184115692e-9
-1.585186442242831e-9
-1.5553768775607403e-9
-1.5243510247071126e-9
-1.492135249584453e-9
-1.4587568404716539e-9
-1.424243965100927e-9
-1.388625628121372e-9
-1.3519316290679777e-9
-1.31419252094835e-9
-1.2754395695505494e-9
-1.2357047135684502e-9
-1.195020525631635e-9
-1.153420174318972e-9
-1.1109373872247741e-9
-1.0676064151387503e-9
-1.0234619973894229e-9
-9.78539328393157e-10
-9.328740254400991e-10
-8.865020977383744e-10
-8.394599167297318e-10
-7.917841876784122e-10
-7.43511922526798e-10
-6.946804140016593e-10
-6.453272109465074e-10
-5.954900948450126e-10
-5.45207057494447e-10
-4.945162797781161e-10
-4.434561114793939e-10
-3.920650520712801e-10
-3.403817324109445e-10
-2.8844489726034715e-10
-2.362933885492521e-10
-1.8396612929315006e-10
-1.3150210807131624e-10
-7.894036396986999e-11
-2.6319971888829817e-11
2.6319971888852044e-11
7.894036396987652e-11
1.3150210807130208e-10
1.8396612929314678e-10
2.3629338854925644e-10
2.8844489726032234e-10
3.4038173241095947e-10
3.9206505207127793e-10
4.4345611147940216e-10
4.945162797781436e-10
5.452070574944217e-10
5.954900948450126e-10
6.453272109464949e-10
6.946804140016676e-10
7.435119225267899e-10
7.917841876784446e-10
8.394599167297469e-10
8.865020977383615e-10
9.328740254400638e-10
9.785393283931956e-10
1.023461997389381e-9
1.067606415138779e-9
1.110937387224795e-9
1.1534201743189487e-9
1.195020525631655e-9
1.2357047135684481e-9
1.2754395695505614e-9
1.314192520948334e-9
1.3519316290679955e-9
1.388625628121383e-9
1.424243965100905e-9
1.4587568404716412e-9
1.4921352495844568e-9
1.5243510247070858e-9
1.5553768775607255e-9
1.585186442242846e-9
1.6137543184115884e-9
1.641056114598584e-9
1.6670684915136506e-9
1.691769205197599e-9
1.7151371498769141e-9
1.7371524003689508e-9
1.7577962538833819e-9
1.7770512710641294e-9
1.7949013161130257e-9
1.811331595835547e-9
1.8263286974508817e-9
1.839880625005081e-9
1.8519768342313365e-9
1.8626082657006555e-9
1.8717673761101538e-9
1.879448167558986e-9
1.885646214666407e-9
1.89035868939108e-9
1.8935843834167862e-9
1.8953237279741043e-9
1.895578810977213e-9
1.8943533913597317e-9
1.8916529105023697e-9
1.8874845006550646e-9
1.881856990261831e-9
1.8747809061100162e-9
1.866268472232695e-9
1.8563336055038272e-9
1.8449919078777264e-9
1.8322606552322808e-9
1.8181587827903923e-9
1.8027068671016402e-9
1.785927104580426e-9
1.767843286606437e-9
1.7484807712062647e-9
1.7278664513456968e-9
1.7060287198738595e-9
1.682997431172982e-9
1.6588038595760864e-9
1.6334806546296615e-9
1.6070617932859789e-9
1.5795825291222461e-9
1.5510793386931327e-9
1.521589865133463e-9
1.4911528591372435e-9
1.459808117447494e-9
1.4275964190013365e-9
1.3945594588815485e-9
1.3607397802328477e-9
1.3261807043107309e-9
1.2909262588325221e-9
1.2550211048102445e-9
1.2185104620472492e-9
1.1814400334859688e-9
1.1438559285974155e-9
1.1058045860056077e-9
1.0673326955441182e-9
1.028487119940469e-9
9.893148163285458e-10
9.498627577859698e-10
9.101778550953863e-10
8.703068789260021e-10
8.302963826303123e-10
7.901926258480686e-10
7.500414991068967e-10
7.098884496040177e-10
6.697784083508094e-10
6.297557188543884e-10
5.898640675081817e-10
5.501464158524983e-10
5.106449348658177e-10
4.714009414330362e-10
4.3245483713618196e-10
3.9384604949978204e-10
3.556129758184514e-10
3.177929296828619e-10
2.8042209031256685e-10
2.435354547954006e-10
2.0716679332150597e-10
1.7134860749302408e-10
1.3611209177839056e-10
1.0148709817131683e-10
6.750210410449362e-11
3.418418365770101e-11
1.5589820894850494e-12
-3.0349306286974704e-11
-6.151795687528188e-11
-9.192573021377484e-11
-1.2155288405027888e-10
-1.5038118209305802e-10
-1.7839389946663e-10
-2.0557582490973261e-10
-2.3191325976242191e-10
-2.573940137976247e-10
-2.8200739795902783e-10
-3.05744214077501e-10
-3.285967416439648e-10
-3.50558721723787e-10
-3.7162533810549347e-10
-3.9179319578124775e-10
-4.110602968638111e-10
-4.29426014049024e-10
-4.468910617377009e-10
-4.6345746493627106e-10
-4.791285260580823e-10
-4.939087897513782e-10
-5.078040058830784e-10
-5.208210908095146e-10
-5.329680870676833e-10
-5.442541216215465e-10
-5.546893627998254e-10
-5.642849760612417e-10
-5.7305307872448e-10
-5.810066937986727e-10
-5.88159703050489e-10
-5.945267994420672e-10
-6.001234390727312e-10
-6.049657927557906e-10
-6.090706973585778e-10
-6.124556070323883e-10
-6.151385444550328e-10
-6.171380522055162e-10
-6.184731443878982e-10
-6.191632586154891e-10
-6.192282084645666e-10
-6.186881365007475e-10
-6.175634679778535e-10
-6.158748653034223e-10
-6.136431833608467e-10
-6.108894257725303e-10
-6.076347021837605e-10
-6.039001866413938e-10
-5.997070771361714e-10
-5.950765563724864e-10
-5.900297538233428e-10
-5.845877091234469e-10
-5.78771336847597e-10
-5.726013927160762e-10
-5.660984412637878e-10
-5.592828250042889e-10
-5.521746351144277e-10
-5.447936836607826e-10
-5.371594773835741e-10
-5.292911930489652e-10
-5.212076543759719e-10
-5.129273105394615e-10
-5.04468216246463e-10
-4.958480133783683e-10
-4.8708391418789e-10
-4.781926860353912e-10
-4.691906376455663e-10
-4.600936068620406e-10
-4.5091694987378763e-10
-4.4167553188446174e-10
-4.323837191926099e-10
-4.230553726480486e-10
-4.1370384244718553e-10
-4.0434196422786e-10
-3.949820564220068e-10
-3.856359188227243e-10
-3.763148323206853e-10
-3.6702955976324507e-10
-3.5779034788843064e-10
-3.486069302849885e-10
-3.394885313287189e-10
-3.3044387104473787e-10
-3.214811708447793e-10
-3.12608160088366e-10
-3.038320834165583e-10
-2.951597088070419e-10
-2.8659733629942034e-10
-2.781508073400856e-10
-2.6982551469633824e-10
-2.6162641289020834e-10
-2.535580291031224e-10
-2.456244745033488e-10
-2.378294559493154e-10
-2.301762880227715e-10
-2.2266790534711367e-10
-2.1530687514731543e-10
-2.0809541000935687e-10
-2.01035380798356e-10
-1.9412832969615152e-10
-1.8737548332053247e-10
-1.8077776588997734e-10
-1.7433581239923446e-10
-1.6804998177283424e-10
-1.6192036996520906e-10
-1.5594682297778712e-10
-1.5012894976514327e-10
-1.444661350038979e-10
-1.3895755169984794e-10
-1.3360217361040254e-10
-1.2839878746110893e-10
-1.2334600493667887e-10
-1.1844227442857726e-10
-1.136858925227766e-10
-1.0907501521293558e-10
-1.0460766882567777e-10
-1.0028176064625262e-10
-9.609508923421347e-11
-9.204535442021602e-11
-8.813016697638293e-11
-8.434705795397224e-11
-8.069348768337458e-11
-7.71668544326499e-11
-7.376450272196942e-11
-7.048373129245665e-11
-6.732180072890726e-11
-6.42759407369136e-11
-6.13433570758069e-11
-5.852123814974223e-11
-5.580676126002608e-11
-5.3197098522587637e-11
-5.06894224551884e-11
-4.828091123960436e-11
-4.5968753664639436e-11
-4.375015375635518e-11
-4.162233510240709e-11
-3.9582544877818525e-11
-3.7628057579928404e-11
-3.575617848058284e-11
-3.3964246803961957e-11
-3.224963863867857e-11
-3.060976959301773e-11
-2.9042097202344843e-11
-2.754412309787035e-11
-2.611339494604211e-11
-2.4747508167916502e-11
-2.3444107447886182e-11
-2.220088804115327e-11
-2.1015596889299233e-11
-1.988603355326467e-11
-1.8810050972959877e-11
-1.778555606263497e-11
-1.6810510151009335e-11
-1.588292927501964e-11
-1.500088433588276e-11
-1.4162501125991e-11
-1.336596023496936e-11
-1.260949684300872e-11
-1.18914004093841e-11
-1.1210014263826443e-11
-1.0563735108192716e-11
-9.951012435623019e-12
-9.37034787413479e-12
-8.820294461341243e-12
-8.299455856729026e-12
-7.806485497665726e-12
-7.340085705048899e-12
-6.899006744242987e-12
-6.482045846690807e-12
-6.088046197325743e-12
-5.7158958926500996e-12
-5.36452687409247e-12
-5.032913841002272e-12
-4.72007314739386e-12
-4.425061686307403e-12
-4.146975765417458e-12
-3.8849499772858004e-12
-3.638156067430524e-12
-3.405801803161428e-12
-3.1871298459202365e-12
-2.9814166296554518e-12
-2.787971247563698e-12
-2.6061343493367603e-12
-2.435277050868136e-12
-2.2747998581962224e-12
-2.1241316072907795e-12
-1.9827284211275813e-12
-1.8500726853405133e-12
-1.7256720435940147e-12
-1.6090584136782833e-12
-1.4997870251973782e-12
-1.397435479594998e-12
-1.301602833144765e-12
-1.211908703421019e-12
-1.1279923996609695e-12
-1.0495120773326265e-12
-9.761439171310183e-13
-9.07581328540849e-13
-8.435341780249199e-13
-7.837280418250558e-13
-7.279034832949445e-13
-6.758153546229552e-13
-6.272321227466727e-13
-5.819352192093301e-13
-5.397184136620636e-13
-5.003872106740424e-13
-4.637582694747892e-13
-4.296588462197744e-13
-3.979262583408917e-13
-3.684073705176028e-13
-3.4095810178235607e-13
-3.1544295325488725e-13
-2.917345559841938e-13
-2.697132383639072e-13
-2.492666125765871e-13
-2.3028917951469125e-13
-2.1268195162051654e-13
-1.963520930841085e-13
-1.8121257683695288e-13
-1.6718185777969973e-13
-1.5418356168445204e-13
-1.4214618921591535e-13
-1.3100283452077765e-13
-1.2069091784115407e-13
-1.1115193161540862e-13
-1.0233119953815287e-13
-9.417764806073121e-14
-8.664358982356989e-14
-7.96845185227463e-14
-7.325891472451879e-14
-6.732806215358624e-14
-6.185587399312893e-14
-5.680872874748408e-14
-5.215531523119517e-14
-4.7866486261411676e-14
-4.3915120643861e-14
-4.0275993056041684e-14
-3.692565144467281e-14
-3.384230156782217e-14
-3.100569832548336e-14
-2.8397043535567835e-14
-2.5998889825384693e-14
-2.37950503215802e-14
-2.177051383424144e-14
-1.9911365243355547e-14
-1.8204710808069364e-14
-1.6638608131184634e-14
-1.5202000523030476e-14
-1.3884655520274648e-14
-1.2677107326343375e-14
-1.1570602950920243e-14
-1.0557051836467771e-14
-9.628978769873411e-15
-8.779479887134791e-15
-8.00218158849426e-15
-7.291202190582209e-15
-6.641116150960767e-15
-6.046920708944548e-15
-5.504004794745687e-15
-5.008120066828319e-15
-4.555353944882896e-15
-4.142104513034699e-15
-3.765057174800831e-15
-3.421162947909868e-15
-3.107618293394936e-15
-2.8218463793914326e-15
-2.561479685800375e-15
-2.3243438614452156e-15
-2.108442750544706e-15
-1.911944510272198e-15
-1.7331687458651762e-15
-1.570574594209028e-15
-1.4227496910473974e-15
-1.288399960977748e-15
-1.1663401731869851e-15
-1.0554852094710337e-15
-9.548419944776887e-16
-8.635020413182938e-16
-7.806345687214523e-16
-7.054801487574509e-16
-6.373448468538805e-16
-5.755948183585486e-16
-5.196513282922198e-16
-4.689861631786054e-16
-4.231174059493382e-16
-3.816055469031579e-16
-3.440499055598348e-16
-3.1008533999373613e-16
-2.7937922186878206e-16
-2.5162865692885347e-16
-2.265579321328142e-16
-2.0391617196602384e-16
-1.8347518771542776e-16
-1.6502750466874875e-16
-1.4838455329346946e-16
-1.3337501147423822e-16
-1.1984328584061323e-16
-1.076481211064726e-16
-9.66613271704592e-17
-8.67666144980491e-17
-7.785852902348812e-17
-6.98414784771197e-17
-6.26288426639638e-17
-5.614216079554728e-17
-5.03103895119788e-17
-4.506922572755722e-17
-4.0360488893525824e-17
-3.613155769818015e-17
-3.233485661975176e-17
-2.89273881133343e-17
-2.5870306551685628e-17
-2.3128530352825092e-17
-2.0670389016760214e-17
-1.8467302061016982e-17
-1.6493487091526216e-17
-1.4725694473225373e-17
-1.3142966274868939e-17
-1.1726417356266034e-17
-1.0459036644645876e-17
-9.325506811244256e-18
-8.312040710505363e-18
-7.406233083501319e-18
-6.596926155168312e-18
-5.8740878726041044e-18
-5.2287016397348085e-18
-4.652666502880559e-18
-4.138706832805266e-18
-3.680290632351456e-18
-3.271555675330392e-18
-2.907242752499086e-18
-2.5826353647186748e-18
-2.2935052622122662e-18
-2.0360632826710154e-18
-1.8069149901817825e-18
-1.6030206619531818e-18
-1.4216592109309757e-18
-1.2603956699435311e-18
-1.1170518972952917e-18
-9.896801949971406e-19
-8.765395593435267e-19
-7.7607430954159305e-19
-6.868948637844837e-19
-6.077604537290046e-19
-5.375635879743581e-19
-4.75316093000787e-19
-4.2013657627433796e-19
-3.7123917099074476e-19
-3.2792343534963746e-19
-2.8956529143573843e-19
-2.556088998453183e-19
-2.25559376233186e-19
-1.9897626505815817e-19
-1.75467694056982e-19
-1.5468514045405939e-19
-1.3631874668683082e-19
-1.2009312955768606e-19
-1.0576363227166622e-19
-9.311297383757671e-20
-8.194825484733827e-20
-7.209828274890209e-20
-6.341118343190794e-20
-5.57522692896912e-20
-4.9002136939626485e-20
-4.305497050683284e-20
-3.7817028831662317e-20
-3.320529717464975e-20
-2.9146285986587595e-20
-2.5574961107186518e-20
-2.243379137224919e-20
-1.967190106385361e-20
-1.724431594623347e-20
-1.5111292806188716e-20
-1.32377234737621e-20
-1.159260524830237e-20
-1.0148570507479363e-20
-8.881469041849542e-21
-7.769997343939833e-21
-6.795369696267324e-21
-5.9410264544218165e-21
-5.192375415617031e-21
-4.536562605838631e-21
-3.962269215026336e-21
-3.459531764385839e-21
-3.019582907159404e-21
-2.634710547822289e-21
-2.2981332181823238e-21
-2.003889875327071e-21
-1.7467424886110724e-21
-1.5220899633994958e-21
-1.3258921103664407e-21
-1.1546025128125335e-21
-1.0051092725500188e-21
-8.746827290491293e-22
-7.609293482185472e-22
-6.617510677341878e-22
-5.753094664175188e-22
-4.999941968655787e-22
-4.343951843011154e-22
-3.7727815129973716e-22
-3.2756307842575243e-22
-2.84305255555374e-22
-2.4667861839696285e-22
-2.1396109998176703e-22
-1.8552175818459214e-22
-1.608094680796134e-22
-1.3934299253247383e-22
-1.2070226622566966e-22
-1.0452074761968201e-22
-9.0478710446672e-23
-7.829736146252166e-23
-6.773368456831261e-23
-5.857592324970718e-23
-5.063962374704704e-23
-4.376417061603578e-23
-3.7809754506858374e-23
-3.265471920170163e-23
-2.819324131605896e-23
-2.4333301685299945e-23
-2.0994912410872574e-23
-1.810856790686654e-23
-1.5613892135401657e-23
-1.345845760871004e-23
-1.1596754720258381e-23
-9.989292594195425e-24
-8.601814953665734e-24
-7.404616541338892e-24
-6.371947412622263e-24
-5.481493992610219e-24
-4.713927167523408e-24
-4.052508892954488e-24
-3.482749864759187e-24
-2.9921117315900406e-24
-2.5697481465865e-24
-2.2062796733680847e-24
-1.8935981904466483e-24
-1.6246969892097486e-24
-1.3935232431986618e-24
-1.1948499488627106e-24
-1.0241648076573453e-24
-8.775738427318913e-25
-7.517178262260849e-25
-6.4369984035349115e-25
-5.510225114080765e-25
-4.715336444477586e-25
-4.033791510861327e-25
-3.4496230654554195e-25
-2.9490849750712875e-25
-2.520347316381203e-25
-2.15323274996044e-25
-1.8389886657288754e-25
-1.5700903159622085e-25
-1.340070782076142e-25
-1.1433741697702628e-25
-9.752289042701527e-26
-8.315384124070706e-26
-7.087868390950672e-26
-6.039577593519153e-26
-5.144641194486397e-26
-4.3808787736959806e-26
-3.7292801816123837e-26
-3.1735579798693535e-26
-2.699762253248548e-26
-2.2959492181952197e-26
-1.9518962151806795e-26
-1.6588566792292745e-26
-1.40934955518713e-26
-1.1969783795285117e-26
-1.0162759041640928e-26
-8.625707032535086e-27
-7.318726931504217e-27
-6.207749184718917e-27
-5.263693227396216e-27
-4.461745377544881e-27
-3.7807399851090955e-27
-3.202629258211998e-27
-2.7120292192375832e-27
-2.2958309954971464e-27
-1.9428681599727108e-27
-1.6436321398666747e-27
-1.3900288327537238e-27
-1.1751705366257287e-27
-9.93198132273773e-28
-8.391291727016447e-28
-7.087281504997119e-28
-5.983957441198683e-28
-5.050742996613867e-28
-4.261671963965415e-28
-3.5947008070760223e-28
-3.0311224204329545e-28
-2.555066525488719e-28
-2.1530740488821265e-28
-1.8137346538093207e-28
-1.5273781616807713e-28
-1.2858119435121447e-28
-1.082097510739373e-28
-9.103605204236365e-29
-7.656292534913879e-29
-6.436973467994077e-29
-5.410071777285831e-29
-4.5455082852573225e-29
-3.8178600951150693e-29
-3.205647065116814e-29
-2.690726478734752e-29
-2.2577796828053936e-29
-1.8938768721885735e-29
-1.588108253218314e-29
-1.3312715704144682e-29
-1.1156074752474152e-29
-9.34575489729364e-30
-7.82664403302212e-30
-6.552318664282674e-30
-5.4836873195945086e-30
-4.5878436590603164e-30
-3.83709719848142e-30
-3.208154426510759e-30
-2.6814272192957338e-30
-2.2404489659845023e-30
-1.8713818001950383e-30
-1.5626008653700659e-30
-1.3043436926537138e-30
-1.0884145955365885e-30
-9.079355345828287e-31
-7.571362195180463e-31
-6.311773300757454e-31
-5.260016813469982e-31
-4.38208959520519e-31
-3.649503316260444e-31
-3.03839806715218e-31
-2.528797115948159e-31
-2.103980551514531e-31
-1.7499590286110146e-31
-1.4550317692456897e-31
-1.2094154582368303e-31
-1.0049327691887747e-31
-8.347510292178111e-32
-6.93163026903375e-32
-5.754032306338299e-32
-4.774937497934063e-32
-3.961152696525765e-32
-3.284989482364154e-32
-2.723359017609956e-32
-2.257014429770182e-32
-1.869916896287652e-32
-1.5487054148419815e-32
-1.2822534523198155e-32
-1.0612983644831227e-32
-8.781317481543761e-33
-7.263407958350591e-33
-6.005923261559609e-33
-4.9645251055964456e-33
-4.102364477725607e-33
-3.388826871744174e-33
-2.7984859899851322e-33
-2.3102315771694166e-33
-1.906542654779799e-33
-1.572882123189126e-33
-1.2971926360065306e-33
-1.0694769491951975e-33
-8.814487092380332e-34
-7.262419563899827e-34
-5.981695534885797e-34
-4.9252236890340696e-34
-4.054023952475038e-34
-3.3358411646077687e-34
-2.7439938092318996e-34
-2.2564182764733804e-34
-1.854875717453561e-34
-1.524294055566425e-34
-1.2522223090906402e-34
-1.0283782091766799e-34
-8.442732902166691e-35
-6.929022910271555e-35
-5.684859228682075e-35
-4.6625790743657413e-35
-3.8228872597190973e-35
-3.1333980076688253e-35
-2.5674289554104557e-35
-2.103004071062076e-35
-1.7220295741329609e-35
-1.409613073685652e-35
-1.1535012256036206e-35
-9.436154360508623e-36
-7.716686468242324e-36
-6.308491504842344e-36
-5.1555979946037985e-36
-4.2120297748624616e-36
-3.440033634487829e-36
-2.808618950555977e-36
-2.292354809170078e-36
-1.870379548482505e-36
-1.5255854881203754e-36
-1.2439480867964926e-36
-1.0139741294314172e-36
-8.26247978023954e-37
-6.73058585727117e-37
-5.480930029876272e-37
-4.461846076269468e-37
-3.6310635810694524e-37
-2.9540107617275327e-37
-2.402421739339085e-37
-1.9531940288339306e-37
-1.5874516112974034e-37
-1.2897768563648743e-37
-1.0475810782714682e-37
-8.505888775851098e-38
-6.904158423661912e-38
-5.602228231477819e-38
-4.5443299266183946e-38
-3.685003667304086e-38
-2.987204906154231e-38
-2.420756624615864e-38
-1.9610843590002214e-38
-1.588182698842736e-38
-1.2857711867865656e-38
-1.040605142839151e-38
-8.419131685970295e-39
-6.809382009854893e-39
-5.5056317960320614e-39
-4.450058309742147e-39
-3.595698919514652e-39
-2.904424042318778e-39
-2.3452860377980202e-39
-1.8931747797051472e-39
-1.5277233114600137e-39
-1.2324173668324014e-39
-9.938710221255908e-40
-8.012376843446681e-40
-6.4573129085459775e-40
-5.202372297632641e-40
-4.189962751251469e-40
-3.3734792148770907e-40
-2.715220248375176e-40
-2.184697152840508e-40
-1.7572622571389932e-40
-1.4129964960522384e-40
-1.1358075704954244e-40
-9.126990726014354e-41
-7.331783646213676e-41
-5.887770311780647e-41
-4.726626332281546e-41
-3.793244864189771e-41
-3.043194356153786e-41
-2.440662393451735e-41
-1.9567932547804726e-41
-1.5683442452563041e-41
-1.2566000448071447e-41
-1.0064958217730336e-41
-8.059092052346215e-42
-6.450887916422043e-42
-5.161930117631645e-42
-4.129181713832403e-42
-3.301985221252764e-42
-2.6396449491727953e-42
-2.1094788255895427e-42
-1.6852490694640055e-42
-1.3458984624119518e-42
-1.074533051108548e-42
-8.576035004561453e-43
-6.842465273774485e-43
-5.457552902947836e-43
-4.351536259539002e-43
-3.4685388571941678e-43
-2.763820486050118e-43
-2.2015695701662477e-43
-1.7531307836924015e-43
-1.3955825870371944e-43
-1.1105959812038368e-43
-8.835191908021265e-44
-7.026437952876883e-44
-5.586165360396822e-44
-4.439680399261884e-44
-3.527353460292946e-44
-2.8015966611118247e-44
-2.2244446508536978e-44
-1.7656188782940051e-44
-1.4009792241263183e-44
-1.1112858954039727e-44
-8.812097429939003e-45
-6.985414211829007e-45
-5.5355965042166276e-45
-4.385267432316484e-45
-3.4728589088114796e-45
-2.7493979148522064e-45
-2.17594275644378e-45
-1.7215385221787074e-45
-1.3615871402266576e-45
-1.0765483949499622e-45
-8.5090504775866e-46
-6.7233864100308615e-46
-5.3107331284411014e-46
-4.1935354883707756e-46
-3.3102867065454787e-46
-2.6122235739743407e-46
-2.0606988570268326e-46
-1.6250928204813906e-46
-1.2811538113927227e-46
-1.0096801967269093e-46
-7.954737852278647e-47
-6.265090925857472e-47
-4.932741549982552e-47
-3.882476405274968e-47
-3.0548421475673474e-47
-2.402858583764101e-47
-1.8894140611670875e-47
-1.4852021581816897e-47
-1.1670877257545855e-47
-9.168133679734057e-48
-7.199757718342127e-48
-5.652158612420166e-48
-4.435783251404831e-48
-3.4800526501853316e-48
-2.729360096113369e-48
-2.1399094202050837e-48
-1.6772178541073742e-48
-1.3141444357647393e-48
-1.0293338751868273e-48
-8.059887423084903e-49
-6.3090102820228776e-49
-4.936885417187046e-49
-3.8619301702404255e-49
-3.020058438630663e-49
-2.360944843290874e-49
-1.8450829851591016e-49
-1.4414697696408366e-49
-1.1257831643418058e-49
-8.78948724354725e-50
-6.860123182658512e-50
-5.352539429725675e-50
-4.1749129758113004e-50
-3.255326651910667e-50
-2.5374723511273544e-50
-1.9772776877906022e-50
-1.5402585144379036e-50
-1.1994418009239488e-50
-9.337365409003565e-51
-7.266564723606779e-51
-5.653189682867814e-51
-4.3966064527558994e-51
-3.4182297966172975e-51
-2.6567124387112584e-51
-2.0641795784576335e-51
-1.603282466491154e-51
-1.2448936471909415e-51
-9.66304725361363e-52
-7.498175556802844e-52
-5.8164333732420374e-52
-4.510426045317757e-52
-3.4965362413512004e-52
-2.7096809875855284e-52
-2.0992200226470872e-52
-1.6257637108061092e-52
-1.2586835698714822e-52
-9.741714042752472e-53
-7.537266490608182e-53
-5.829778401633251e-53
-4.507647112693426e-53
-3.484235179128311e-53
-2.692307780179362e-53
-2.079704575302979e-53
-1.6059731783996845e-53
-1.2397514676661086e-53
-9.56732837873024e-54
-7.380851017699012e-54
-5.692223061895413e-54
-4.388510053942943e-54
-3.3822990519247734e-54
-2.605953322302148e-54
-2.0071553456217207e-54
-1.5454503923169678e-54
-1.1895669339911171e-54
-9.153399834197964e-55
-7.04102232442449e-55
-5.414380221597764e-55
-4.1621863859685856e-55
-3.1985566413322953e-55
-2.457232880151683e-55
-1.887114901431053e-55
-1.4488056368441562e-55
-1.1119408105795754e-55
-8.531256039997547e-56
-6.543408721329509e-56
-5.017124636925656e-56
-3.8456123498179623e-56
-2.9466997949553175e-56
-2.2571793073735286e-56
-1.7284467681114225e-56
-1.3231398263082364e-56
-1.0125471650491658e-56
-7.746126276329674e-57
-5.923981262644028e-57
-4.5290026627906587e-57
-3.46139590021994e-57
-2.644598674364143e-57
-2.0198916869107987e-57
-1.54225503072639e-57
-1.1771833749889819e-57
-8.982388981186258e-58
-6.851716938171979e-58
-5.224765305719523e-58
-3.982850299183562e-58
-3.035155907851263e-58
-2.3122130810013002e-58
-1.7608993528273932e-58
-1.3406056562792093e-58
-1.0202988505802624e-58
-7.762714012236301e-59
-5.904180384807791e-59
-4.489164226310348e-59
-3.412174371564467e-59
-2.592726999581216e-59
-1.9694375624509494e-59
-1.4955037250094661e-59
-1.1352529519885022e-59
-8.615046815309281e-60
-6.535555508937895e-60
-4.956410177122396e-60
-3.757611200985043e-60
-2.847844784980337e-60
-2.1576483410918066e-60
-1.6341988077114786e-60
-1.237339834972319e-60
-9.365543448516822e-61
-7.086582645334652e-61
-5.36044220031985e-61
-4.053444856520142e-61
-3.0641344240981602e-61
-2.3155344908066285e-61
-1.749260917212142e-61
-1.3210456719714345e-61
-9.973348053895367e-62
-7.527036541171099e-62
-5.678936097861675e-62
-4.283214758942402e-62
-3.2294802461899365e-62
-2.4341948019180417e-62
-1.834163081378862e-62
-1.3815941499651199e-62
-1.0403583264627773e-62
-7.831506906604286e-63
-5.893423517553941e-63
-4.433532531212482e-63
-3.3342033284172704e-63
-2.50665288437165e-63
-1.8838930927576916e-63
-1.4153969340551404e-63
-1.063065907692835e-63
-7.981822699373279e-64
-5.991063333476143e-64
-4.4953726133096296e-64
-3.3719989695866344e-64
-2.5285359137636177e-64
-1.895443212532177e-64
-1.4204056420809145e-64
-1.0640792209861194e-64
-7.968847232239898e-65
-5.965914255129636e-65
-4.464969358160807e-65
-3.340565029032825e-65
-2.4985114970142572e-65
-1.8681113138820264e-65
-1.3963173296590177e-65
-1.0433391083339523e-65
-7.793397517956223e-66
-5.819533289993971e-66
-4.344196616125766e-66
-3.241834049938207e-66
-2.4184219650861385e-66
-1.8035715362403798e-66
-1.344604820681239e-66
-1.0021112891174236e-66
-7.466159214982595e-67
-5.560816231926955e-67
-4.1403766011323203e-67
-3.081776621378758e-67
-2.2930972710325237e-67
-1.7057045638590222e-67
-1.2683676607952797e-67
-9.428585126855221e-68
-7.006609472438807e-68
-5.205102890999079e-68
-3.865545141815649e-68
-2.86980379588702e-68
-2.129872911388603e-68
-1.5802114507409247e-68
-1.172024664562017e-68
-8.689971104901749e-69
-6.441098639437321e-69
-4.772672193817355e-69
-3.535275824189869e-69
-2.6178517175186366e-69
-1.9378797658409566e-69
-1.4340644172877922e-69
-1.0608904526446666e-69
-7.845714010157547e-70
-5.80035345425815e-70
-4.2868323531372317e-70
-3.16722267515284e-70
-2.3392721788860418e-70
-1.727201374829346e-70
-1.2748681104712873e-70
-9.406923369653003e-71
-6.938890309600163e-71
-5.1167300837496295e-71
-3.7718556607609976e-71
-2.7795705136926897e-71
-2.047672050527622e-71
-1.5080064068039528e-71
-1.1102123406358478e-71
-8.170883076012936e-72
-6.011626979616984e-72
-4.421556097541707e-72
-3.251010270197782e-72
-2.389580320768532e-72
-1.755840313144477e-72
-1.28975877791485e-72
-9.470917726777874e-73
-6.952415719147541e-73
-5.101988799599842e-73
-3.742858165809075e-73
-2.7449051506715817e-73
-2.0123866110395976e-73
-1.4748763207294852e-73
-1.0805873910234108e-73
-7.914514858769168e-74
-5.794938275177941e-74
-4.241636469433225e-74
-3.103688954982202e-74
-2.2702989854632807e-74
-1.660152712767e-74
-1.213593231316767e-74
-8.868667552036625e-75
-6.478936608568438e-75
-4.731612968325423e-75
-3.454417501595003e-75
-2.521160929504366e-75
-1.8394434632344332e-75
-1.3416290531167694e-75
-9.782246477104089e-76
-7.130252119808463e-76
-5.195547403686617e-76
-3.7845816449412643e-76
-2.755907200271945e-76
-2.006187156057114e-76
-1.459951568658524e-76
-1.062100471062768e-76
-7.724189227655958e-77
-5.61565424221926e-77
-4.081388817493563e-77
-2.965348468790708e-77
-2.15379150638799e-77
-1.5638379326648739e-77
-1.1351153268126352e-77
-8.236607959896253e-78
-5.974711885621668e-78
-4.332571175862835e-78
-3.140758999294675e-78
-2.2760599109086134e-78
-1.648894759102797e-78
-1.1941595579961998e-78
-8.645536635052696e-79
-6.257224375305891e-79
-4.527220836646011e-79
-3.2744759959789635e-79
-2.3676206770716736e-79
-1.711364900365068e-79
-1.2366115594939568e-79
-8.93272923150299e-80
-6.450527428107754e-80
-4.6565736097789635e-80
-3.360453656478183e-80
-2.4243177524187175e-80
-1.7484022945261577e-80
-1.260530592803278e-80
-9.085014214061363e-81
-6.545729158904722e-81
-4.714662982104883e-81
-3.3947162433212656e-81
-2.4435234314830336e-81
-1.7582869129207956e-81
-1.264803873928284e-81
-9.095296053531279e-82
-6.538388225925942e-82
-4.698776415827732e-82
-3.375662901263738e-82
-2.4243402789770272e-82
-1.740557202193593e-82
-1.2492324100618037e-82
-8.963103385095499e-83
-6.428857369047816e-83
-4.6096653606350835e-83
-3.3041916714819776e-83
-2.367670658239327e-83
-1.696045817251476e-83
-1.2145463632504827e-83
-8.694624825156853e-84
-6.222255331545663e-84
-4.451486333641685e-84
-3.1836293223764155e-84
-2.276146362638435e-84
-1.6268147922251903e-84
-1.1623482890065588e-84
-8.302228657491876e-85
-5.928070275589957e-85
-4.2314795000714684e-85
-3.019474631990212e-85
-2.1539259918094812e-85
-1.5359971785844027e-85
-1.09499039480569e-85
-7.803518303305487e-86
-5.559437481361955e-86
-3.959419368231681e-86
-2.8189827098780685e-86
-2.0063817973906243e-86
-1.427562086858117e-86
-1.015398909587833e-86
-7.220024016972104e-87
-5.132167894418882e-87
-3.6468956255654e-87
-2.5906341073811296e-87
-1.8397088267596853e-87
-1.3060276592030726e-87
-9.268638158931645e-88
-6.575666117297861e-88
-4.663627482215348e-88
-3.306497717703468e-88
-2.343542739068603e-88
-1.6604958972134008e-88
-1.1761508177708426e-88
-8.32814932480431e-89
-5.8951420480202776e-89
-4.171577614914441e-89
-2.9509827254742054e-89
-2.086859891953533e-89
-1.475299532811696e-89
-1.0426232526868119e-89
-7.366053996906187e-90
-5.202387308251677e-90
-3.673083132788254e-90
-2.5925021694437794e-90
-1.8292278074969863e-90
-1.2902585871024935e-90
-9.098001828861472e-91
-6.413211772884044e-91
-4.519240393285685e-91
-3.183578830768639e-91
-2.2419507940940893e-91
-1.5783265055784038e-91
-1.1107796879828579e-91
-7.814826072619304e-92
-5.4963073846231904e-92
-3.8644084166460414e-92
-2.7161599251592717e-92
-1.908481559545258e-92
-1.340543505123805e-92
-9.413132526892512e-93
-6.6076609438701906e-93
-4.636835033195867e-93
-3.252788750354251e-93
-2.281131880170202e-93
-1.5992090936575498e-93
-1.1207801493105715e-93
-7.852282836986621e-94
-5.499608367018873e-94
-3.850595691468173e-94
-2.6951590861089426e-94
-1.88582426384812e-94
-1.3191019548690306e-94
-9.223926645702579e-95
-6.447831063820642e-95
-4.5057987925036877e-95
-3.147677821070289e-95
-2.1982095509431836e-95
-1.5346461177498782e-95
-1.0710450513801328e-95
-7.472528383769197e-96
-5.211800095218216e-96
-3.633860645382179e-96
-2.532848022838228e-96
-1.764860326698791e-96
-1.2293396684032788e-96
-8.560394882280146e-97
-5.959036570697256e-97
-4.1468531181906817e-97
-2.8848391717009347e-97
-2.0062493665334125e-97
-1.3947891890929856e-97
-9.693767236779973e-98
-6.734990048851046e-98
-4.677800399833126e-98
-3.247930843373352e-98
-2.2544064581148295e-98
-1.5642927306836153e-98
-1.0850860904722146e-98
-7.52438014519619e-99
-5.2160005135171205e-99
-3.614638646904815e-99
-2.50410489090608e-99
-1.7342053155178366e-99
-1.2006291367125634e-99
-8.309552080297887e-100
-5.749190786300188e-100
-3.9764561716013215e-100
-2.7494514333043236e-100
-1.900449264341159e-100
-1.3131879316514857e-100
-9.071056306055474e-101
-6.263963530811265e-101
-4.324152059064004e-101
-2.9840979530293175e-101
-2.0586644895193632e-101
-1.4197715009860436e-101
-9.788400238991223e-102
-6.7462956256936735e-102
-4.648142172454498e-102
-3.201502352535727e-102
-2.2043910304683775e-102
-1.5173432403637856e-102
-1.0440935754942798e-102
-7.182165425683055e-103
-4.938917557089018e-103
-3.3952248666618197e-103
-2.3332737964388356e-103
-1.602962122155268e-103
-1.100883121251032e-103
-7.558220609124818e-104
-5.187502434399648e-104
-3.5592415527941775e-104
-2.44127674073658e-104
-1.6739287396518944e-104
-1.1474065409468851e-104
-7.862453336219378e-105
-5.385911906651254e-105
-3.688253954374601e-105
-2.5248919343858945e-105
-1.7279261676458756e-105
-1.1821374544739958e-105
-8.084835427973501e-106
-5.527577009402554e-106
-3.7779728460587332e-106
-2.5813284973756345e-106
-1.763145423992132e-106
-1.2039082991183304e-106
-8.217866821096091e-107
-5.607705619388128e-107
-3.825354903556233e-107
-2.6086672153084487e-107
-1.7783860675330735e-107
-1.2119754871786243e-107
-8.256995493709472e-108
-5.623551578145253e-108
-3.8287740927983486e-108
-2.605968898578319e-108
-1.7731241319779362e-108
-1.2060615734029407e-108
-8.200876074640318e-109
-5.574570954001934e-109
-3.7881143175861465e-109
-2.5733279517027567e-109
-1.7475420340729602e-109
-1.1863710972710103e-109
-8.051446645613533e-110
-5.462453041490503e-110
-3.704775963455614e-110
-2.5118668914261475e-110
-1.7025180751349266e-110
-1.1535788384977512e-110
-7.8138176216876e-111
-5.291023634261596e-111
-3.581595823432805e-111
-2.423672257410326e-111
-1.6395763785283685e-111
-1.1087914262033914e-111
-7.495981594806809e-112
-5.066028295387249e-112
-3.422686790998117e-112
-2.3116770184904823e-112
-1.5608012425803868e-112
-1.0534853477913436e-112
-7.108367115062084e-113
-4.7948127468230527e-113
-3.2332099531629115e-113
-2.179498716280343e-113
-1.4687226201782048e-113
-9.894261996476611e-114
-6.663271144117332e-114
-4.48592516537869e-114
-3.0190966891352527e-114
-2.031245796524906e-114
-1.3661814945988476e-114
-9.185753335237075e-115
-6.174213212984428e-115
-4.148670376696479e-115
-2.786741611487643e-115
-1.8713065612593035e-115
-1.2561851199215592e-115
-8.429907640646797e-116
-5.655258439698446e-116
-3.792648250082614e-116
-2.5426884204709014e-116
-1.7041357826208877e-116
-1.1417623500963004e-116
-7.647292697730479e-117
-5.120356291668009e-117
-3.427307923158657e-117
-2.2933299542655442e-117
-1.53405326229408e-117
-1.0258286182097981e-117
-6.857560706214896e-118
-4.582737589196583e-118
-3.061546068234607e-118
-2.0446411088910635e-118
-1.3650666589369813e-118
-9.110686710083919e-119
-6.078673953567366e-119
-4.054404452853308e-119
-2.70337177953131e-119
-1.8019592579010972e-119
-1.2007280205705526e-119
-7.99843115930048e-120
-5.326298052780517e-120
-3.54573772931977e-120
-2.3596535415643683e-120
-1.569821837443411e-120
-1.0440300094067433e-120
-6.941224494449384e-121
-4.61338492990763e-121
-3.065235091597642e-121
-2.0359559629228417e-121
-1.3518654453761985e-121
-8.973441817619063e-122
-5.954497712747642e-122
-3.9499510412891644e-122
-2.6193817166866143e-122
-1.7364663467740496e-122
-1.1507856852065427e-122
-7.624002546669672e-123
-5.04931095421638e-123
-3.34304101118373e-123
-2.2126452818868718e-123
-1.4640044356209284e-123
-9.683525372540278e-124
-6.4030236162881115e-124
-4.232502465829973e-124
-2.796854308936224e-124
-1.8475788300477172e-124
-1.2201033522825802e-124
-8.05472604508893e-125
-5.315760905074494e-125
-3.5070391642204954e-125
-2.3130035842124213e-125
-1.5250093605396143e-125
-1.0051461824631247e-125
-6.622873516530371e-126
-4.3623872009827266e-126
-2.8725161351678567e-126
-1.890868211910832e-126
-1.2442869984732692e-126
-8.185409002456928e-127
-5.382954716001095e-127
-3.538845386932439e-127
-2.325749693508269e-127
-1.5280053627333657e-127
-1.0035691616576117e-127
-6.589163142470821e-128
-4.324876774570179e-128
-2.83777357815681e-128
-1.861410972783046e-128
-1.2205830240655455e-128
-8.001159147636444e-129
-5.2432313484099594e-129
-3.434833275174319e-129
-2.2494318095015763e-129
-1.4726533634956992e-129
-9.638040932517854e-130
-6.305761364859935e-130
-4.12426753012584e-130
-2.696600808524994e-130
-1.7625726470050026e-130
-1.1516961815122365e-130
-7.522970582248577e-131
-4.912486125256279e-131
-3.20681456380178e-131
-2.0926996218760303e-131
-1.365213213892614e-131
-8.903373856787265e-132
-5.80455962993592e-132
-3.7830709383138715e-132
-2.4647917674445454e-132
-1.605375115617373e-132
-1.0452817358672292e-132
-6.80378750213401e-133
-4.427195137330467e-133
-2.879831870935606e-133
-1.8726911092303733e-133
-1.2173787321859535e-133
-7.911262945867953e-134
-5.139566344612134e-134
-3.337856660792223e-134
-2.167052526817087e-134
-1.4064741162013587e-134
-9.125456536715934e-135
-5.918859207208895e-135
-3.837796746546765e-135
-2.4876340020405056e-135
-1.6119499459582078e-135
-1.0441843365410545e-135
-6.7618160441809026e-136
-4.377338024583945e-136
-2.8328095283518717e-136
-1.832674012371232e-136
-1.1852599953938724e-136
-7.663066422507229e-137
-4.952815074343176e-137
-3.2000900218490355e-137
-2.0669636501260046e-137
-1.334639714797226e-137
-8.615010495124163e-138
-5.559146772715238e-138
-3.5860887496362204e-138
-2.3125678861461074e-138
-1.4908313344231874e-138
-9.607781093086853e-139
-6.189823317117356e-139
-3.986520233295024e-139
-2.566671333420153e-139
-1.6519888646698744e-139
-1.062929694486205e-139
-6.836952042137557e-140
-4.39623700220075e-140
-2.825922399170992e-140
-1.8159334882817432e-140
-1.1665415593497118e-140
-7.49136687463559e-141
-4.8093068821868416e-141
-3.0864872577416184e-141
-1.9801909032537536e-141
-1.2700189734073275e-141
-8.142803097168979e-142
-5.2191314329838646e-142
-3.344129690565036e-142
-2.1420448880657097e-142
-1.3716225040702879e-142
-8.78013544501883e-143
-5.6186038047743265e-143
-3.5943153935278904e-143
-2.2986060100560053e-143
-1.4695131431072872e-143
-9.391673670627109e-144
-6.000301817254497e-144
-3.832337792523936e-144
-2.4468934147188395e-144
-1.5618053537999545e-144
-9.965505837605157e-145
-6.3567096459769085e-145
-4.0534609019312825e-145
-2.5839266990308784e-145
-1.6466260376648084e-145
-1.0489876044736681e-145
-6.6804593141969705e-146
-4.253073423824506e-146
-2.706824059722415e-146
-1.7221769239347865e-146
-1.0953580301648606e-146
-6.964581487033788e-147
-4.4268472426454884e-147
-2.8129022228799127e-147
-1.7867973426216656e-147
-1.1346361919103858e-147
-7.202749636390179e-148
-4.570915313505673e-148
-2.8997945232432222e-148
-1.8389755944466096e-148
-1.1658406421816053e-148
-7.387975089977801e-149
-4.67974863847129e-149
-2.963008108138957e-149
-1.8768936679387574e-149
-1.1957326906426993e-149
-7.541110015917024e-150
-4.785609059750552e-150
-3.1594468181734366e-150
-2.608155289515248e-150
0.
0.
0.
0.
0.
0.
0.
0.
0.
0.
0.
0.
0.
0.
0.
0.
0.
0.
0.
0.
0.
0.
0.
0.
0.
0.
0.
0.
0.
0.
0.
0.
0.
0.
0.
0.
0.
0.
0.
0.
0.
0.
0.
0.
0.
0.
0.
0.
0.
0.
0.
0.
0.
0.
0.
0.
0.
0.
0.
0.
0.
0.