2.9123600559663282e-55
4.101443265369807e-55
5.772892612871771e-55
8.121109579887053e-55
1.1418324385821066e-54
1.604554566566264e-54
2.2535733900612543e-54
3.163399306842907e-54
4.438144229124407e-54
6.223201864962426e-54
8.721505100417083e-54
1.2216141545371696e-53
1.710179643793334e-53
2.3928444182272005e-53
3.3462026322823e-53
4.6768673215076525e-53
6.533153974615524e-53
9.121279466538984e-53
1.2727808946011957e-52
1.7750743262318084e-52
2.4742549060971886e-52
3.4469686430258875e-52
4.7994913470864614e-52
6.679101968713882e-52
9.289790233845607e-52
1.2913938295733733e-51
1.794223185265093e-51
2.4914901377262444e-51
3.4578553629612753e-51
4.796444348161504e-51
6.649621474018283e-51
9.213812249337622e-51
1.275988337807183e-50
1.7661149078412242e-50
2.44318360109063e-50
3.377988307564068e-50
4.6679378000668425e-50
6.446987857316347e-50
8.899252091797517e-50
1.2277643640380655e-49
1.6929393028800939e-49
2.3330959116267415e-49
3.213576411265817e-49
4.423942708797982e-49
6.0868860862865316e-49
8.370389409831123e-49
1.1504319959105746e-48
1.58030543177951e-48
2.1696311000399915e-48
2.9771144964578964e-48
4.0829112912639216e-48
5.59640465615799e-48
7.666780403478509e-48
1.0497398405441437e-47
1.4365312199192675e-47
1.9647766197476563e-47
2.6858144705690376e-47
3.6694717090287654e-47
5.010669705139083e-47
6.838371595680695e-47
9.32769414967822e-47
1.271629426092873e-46
1.7326526331842244e-46
2.3595386178138003e-46
3.2114955188788326e-46
4.368699629841582e-46
5.939661246737282e-46
8.071156794253744e-46
1.0961613844353363e-45
1.487913934179457e-45
2.0185788174448767e-45
2.737021387895619e-45
3.7091572033276246e-45
5.023852143438305e-45
6.800847064215593e-45
9.201395724607605e-45
1.2442536976714485e-44
1.6816232088805452e-44
2.2715011276920146e-44
3.066632419529889e-44
4.1378522592285763e-44
5.5802379687290295e-44
7.521334975885952e-44
1.013214985464633e-43
1.3641833018839387e-43
1.8357278460203253e-43
2.468927252336259e-43
3.318736045306995e-43
4.458631108024396e-43
5.9868002976625485e-43
8.034380418638627e-43
1.0776417046769344e-42
1.4446437332287746e-42
1.935581595192926e-42
2.591949628469912e-42
3.469013319673723e-42
4.640338938854138e-42
6.203799514079397e-42
8.289533855582988e-42
1.1070487806208816e-41
1.4776367651937054e-41
1.97120998157979e-41
2.62822384229686e-41
3.5023219050064365e-41
4.664595696916225e-41
6.209207595641066e-41
8.260808741787572e-41
1.0984319518228806e-40
1.459781780480838e-40
1.938951295425236e-40
2.574008812416834e-40
3.4152092255384498e-40
4.528858428652532e-40
6.002391347574985e-40
7.951040954519086e-40
1.0526591794840034e-39
1.3928863099314961e-39
1.8420764147837093e-39
2.4348022036423652e-39
3.2165017339303996e-39
4.2468599638584405e-39
5.604232269143796e-39
7.391427719795745e-39
9.743265830118201e-39
1.2836445051981474e-38
1.6902422936257827e-38
2.2244217567622418e-38
2.925831169348292e-38
3.8463193126847284e-38
5.053652098833452e-38
6.636349743220808e-38
8.709978766515522e-38
1.1425331751040753e-37
1.4979055207693053e-37
1.962745043103365e-37
2.570438450518558e-37
3.36445223783003e-37
4.401344374260335e-37
5.754666291004605e-37
7.520015489589011e-37
9.821574358877893e-37
1.2820567567104893e-36
1.6726194761339912e-36
2.1809755031121334e-36
2.842288460829606e-36
3.702109227029856e-36
4.8194114088893873e-36
6.270504119091274e-36
8.154072742962543e-36
1.0597669189586672e-35
1.376606368100763e-35
1.787198589875952e-35
2.3189931203704036e-35
3.0073896481139694e-35
3.8980151129216555e-35
5.049645601542627e-35
6.53795349074587e-35
8.460310181378125e-35
1.094193828382825e-34
1.4143787928856895e-34
1.827261463758746e-34
2.3593866773561093e-34
3.0448156457069874e-34
3.9272298348273485e-34
5.062616777371421e-34
6.5226968266470615e-34
8.39929276170831e-34
1.080989848215106e-33
1.3904771788896005e-33
1.7875963214215587e-33
2.2968802797923494e-33
2.9496505590016407e-33
3.78587320127592e-33
4.8565160482675495e-33
6.226540873216134e-33
7.978699195667346e-33
1.0218344889741068e-32
1.3079532462056506e-32
1.673274003379991e-32
2.139464427554534e-32
2.734048539421831e-32
3.491969948492909e-32
4.457567028923007e-32
5.687067157561156e-32
7.251734611948428e-32
9.241841150133605e-32
1.1771671397549248e-31
1.498582910486696e-31
1.9067177798205685e-31
2.4246833657098192e-31
3.0816733775498674e-31
3.9145434441441025e-31
4.969795811155225e-31
6.306071229818619e-31
7.997275847629272e-31
1.0136502655675439e-30
1.2840946557558702e-30
1.6258061271961837e-30
2.057326737865411e-30
2.6019596726320538e-30
3.2889752673688054e-30
4.155118259575727e-30
5.246490413772225e-30
6.62090064784001e-30
8.350797055318379e-30
1.052692278583701e-29
1.3262871851449813e-29
1.6700763095876145e-29
2.10183026715389e-29
2.643756971922706e-29
3.3235939365174784e-29
4.1759655110190445e-29
5.244068343977694e-29
6.581763224684982e-29
8.256169781453805e-29
1.0350883047037598e-28
1.2969958615271568e-28
1.6242847170863706e-28
2.0330501004163505e-28
2.543292646693574e-28
3.179851930928805e-28
3.9735597053549725e-28
4.962663716587318e-28
6.19458456259248e-28
7.728082224859875e-28
9.635926247005597e-28
1.2008184719000437e-27
1.4956273106377785e-27
1.8617935555829643e-27
2.31633698494845e-27
2.880275416936927e-27
3.57954910877254e-27
4.446155391737641e-27
5.5195405400352866e-27
6.848306190025764e-27
8.492300168255359e-27
1.0525176821252023e-26
1.3037530433950268e-26
1.6140727760232306e-26
1.9971592892086953e-26
2.4698130655377263e-26
3.052651463434783e-26
3.770961423021205e-26
4.655739357826922e-26
5.7449585757454e-26
7.08511310165237e-26
8.733097070025993e-26
1.0758491276960634e-25
1.3246343456440994e-25
1.6300546889598683e-25
2.0047943683010614e-25
2.464330519840306e-25
3.0275373560345897e-25
3.717418596037759e-25
4.561994886821452e-25
5.595378374747936e-25
6.859073123536057e-25
8.40354791041173e-25
1.029013732017822e-24
1.259333829731155e-24
1.540358276592681e-24
1.8830583010655673e-24
2.3007365731466862e-24
2.8095133639442492e-24
3.4289120856408835e-24
4.182564105783019e-24
5.099056624835574e-24
6.2129520457679726e-24
7.566012787967444e-24
9.208672069109177e-24
1.1201798991473096e-23
1.3618815552191112e-23
1.6548234219527845e-23
2.009669779711213e-23
2.4392618808956774e-23
2.959053402008021e-23
3.587631147782432e-23
4.34733732254858e-23
5.2650127316217076e-23
6.372883877885222e-23
7.709621174021896e-23
9.321600514129452e-23
1.1264406374435028e-22
1.3604621599142756e-22
1.6421957258427914e-22
1.9811785656603819e-22
2.3888150970959753e-22
2.8787345409173404e-22
3.4672154527542734e-22
4.1736893852241837e-22
5.021338065533162e-22
6.037801019640144e-22
7.256013557706783e-22
8.715198529846905e-22
1.0462039350793728e-21
1.2552066575247508e-21
1.505129589618958e-21
1.8038161968275766e-21
2.160580008018776e-21
2.586473659016833e-21
3.0946059401964147e-21
3.700515182987291e-21
4.4226087253572584e-21
5.282679830975492e-21
6.306515336989611e-21
7.524609512824655e-21
8.97300217504801e-21
1.0694262076236416e-20
1.2738640032246276e-20
1.5165420244984784e-20
1.8044502900106725e-20
2.1458256466567322e-20
2.5503684307151808e-20
3.029495735122977e-20
3.5966372826401e-20
4.2675808558080374e-20
5.06087533125047e-20
5.998300629232845e-20
7.10541534382849e-20
8.412194492224582e-20
9.953771745187071e-20
1.1771302710354939e-19
1.3912968376600716e-19
1.6435140737483758e-19
1.940373594730326e-19
2.289578418400801e-19
2.700124976661312e-19
3.182514007715621e-19
3.7489947554880214e-19
4.413847556073058e-19
5.193710636350806e-19
6.10795779992364e-19
7.179134644240806e-19
8.43346205593387e-19
9.901416986706577e-19
1.161840193953792e-18
1.3625516216838476e-18
1.5970443823647823e-18
1.8708475008141426e-18
2.1903680790122795e-18
2.5630262511126833e-18
2.9974101476664796e-18
3.503453719607297e-18
4.092640660756346e-18
4.7782381060203654e-18
5.575564277176337e-18
6.502294805960394e-18
7.578813092654029e-18
8.828610765888192e-18
1.0278745105259467e-17
1.1960361182907734e-17
1.3909287484852015e-17
1.6166714900268238e-17
1.8779970230994663e-17
2.1803396789764183e-17
2.5299356241020253e-17
2.9339367611393504e-17
3.4005401378596905e-17
3.9391348760333044e-17
4.5604688793642384e-17
5.276837854724115e-17
6.102299487473842e-17
7.05291595278003e-17
8.147028324119144e-17
9.405566861512305e-17
1.0852401629699794e-16
1.2514738415089021e-16
1.442356548491805e-16
1.661415736814876e-16
1.9126642541070276e-16
2.2006642677890261e-16
2.5305991984660657e-16
2.908354608124399e-16
3.3406090938789465e-16
3.834936352806086e-16
4.3999197096326135e-16
5.045280537749197e-16
5.782022156248493e-16
6.622590952614515e-16
7.581056663546188e-16
8.673313946494168e-16
9.917307593237895e-16
1.1333283975705355e-15
1.2944071574830645e-15
1.4775393727219423e-15
1.6856217033504089e-15
1.921913920839454e-15
2.190082051749531e-15
2.494246334202349e-15
2.839034484175469e-15
3.2296408151076263e-15
3.671891804523612e-15
4.172318755617101e-15
4.738238260208643e-15
5.377841232486712e-15
6.100291350692383e-15
6.915833816696926e-15
7.835915421506158e-15
8.873316988380096e-15
1.0042299354755923e-14
1.1358764149760923e-14
1.2840430726085005e-14
1.4507030713586713e-14
1.638052177749374e-14
1.8485322286664418e-14
2.0848568727303984e-14
2.3500397835001495e-14
2.6474255563118942e-14
2.980723515857927e-14
3.354044677707968e-14
3.771942123874354e-14
4.2394550702271e-14
4.762156922069496e-14
5.346207633480512e-14
5.998410706104476e-14
6.726275183887544e-14
7.538083021806106e-14
8.442962228848418e-14
9.450966208352606e-14
1.0573159742209879e-13
1.182171208932657e-13
1.3209997693019264e-13
1.4752705016591541e-13
1.6465954051072595e-13
1.8367423063878157e-13
2.047648518179162e-13
2.281435542601286e-13
2.5404248840873926e-13
2.827155038095153e-13
3.144399724349543e-13
3.4951874354046455e-13
3.8828223732572643e-13
4.3109068485078317e-13
4.783365218109101e-13
5.304469439034453e-13
5.878866316194355e-13
6.511606523588116e-13
7.208175477955566e-13
7.974526144033887e-13
8.81711384988622e-13
9.742933189586878e-13
1.0759557088767792e-12
1.1875178106098708e-12
1.309865204060824e-12
1.4439543910812682e-12
1.5908176366811287e-12
1.751568059077479e-12
1.9274049734527143e-12
2.1196194935105794e-12
2.3296003940234972e-12
2.558840236546016e-12
2.8089417593199774e-12
3.0816245311108506e-12
3.3787318672813256e-12
3.7022380048234835e-12
4.054255531324199e-12
4.437043060925257e-12
4.85301314825339e-12
5.304740429026654e-12
5.7949699735932314e-12
6.326625837013507e-12
6.902819786459803e-12
7.526860183673787e-12
8.202260996984122e-12
8.932750913952679e-12
9.722282522080206e-12
1.0575041521164755e-11
1.149545592687651e-11
1.2488205220885095e-11
1.3558229398472076e-11
1.471073785997269e-11
1.5951218087642335e-11
1.7285444044643955e-11
1.8719484227807128e-11
2.0259709300658497e-11
2.1912799227958313e-11
2.3685749827649704e-11
2.558587865074089e-11
2.762083009424001e-11
2.9798579646865796e-11
3.2127437161912705e-11
3.4616049046392935e-11
3.72733992504285e-11
4.0108808935918055e-11
4.313193469874326e-11
4.635276521430893e-11
4.97816161720499e-11
5.342912336076857e-11
5.7306233763328e-11
6.142419451638294e-11
6.579453958857086e-11
7.04290740289461e-11
7.533985563649029e-11
8.053917390138654e-11
8.603952606939573e-11
9.185359018228645e-11
9.799419494981224e-11
1.0447428631240391e-10
1.113068905584592e-10
1.1850507386610104e-10
1.2608189814648375e-10
1.3405037307428609e-10
1.4242340420099942e-10
1.5121373705793738e-10
1.6043389716892667e-10
1.7009612590696042e-10
1.8021231214519554e-10
1.9079391967035726e-10
2.0185191034589523e-10
2.1339666303317956e-10
2.2543788830182504e-10
2.3798453898431294e-10
2.510447166562531e-10
2.6462557415115396e-10
2.787332142476413e-10
2.9337258469793373e-10
3.085473697983802e-10
3.2425987873643887e-10
3.4051093098333805e-10
3.572997390373975e-10
3.746237888602125e-10
3.9247871838541733e-10
4.1085819451855823e-10
4.297537890854124e-10
4.4915485422550455e-10
4.690483977670244e-10
4.894189591585734e-10
5.102484865720866e-10
5.315162158294828e-10
5.531985518427159e-10
5.752689532932755e-10
5.976978213111532e-10
6.204523929462566e-10
6.434966402554457e-10
6.667911758561911e-10
6.902931658229519e-10
7.139562508237082e-10
7.377304764127615e-10
7.615622334093761e-10
7.853942093023974e-10
8.091653516259442e-10
8.328108442511638e-10
8.562620975351236e-10
8.794467532560997e-10
9.022887052488895e-10
9.247081366311274e-10
9.46621574482079e-10
9.679419628003684e-10
9.88578754524192e-10
1.0084380233489732e-9
1.0274225960200283e-9
1.045432205714785e-9
1.062363667058398e-9
1.0781110732385495e-9
1.0925660156001748e-9
1.1056178260081842e-9
1.1171538421690512e-9
1.1270596959939777e-9
1.1352196249773396e-9
1.1415168064431482e-9
1.1458337143910816e-9
1.1480524985437702e-9
1.1480553850624915e-9
1.1457250982622904e-9
1.1409453025158734e-9
1.1336010633895108e-9
1.1235793269106403e-9
1.110769415717361e-9
1.095063540690985e-9
1.0763573265276363e-9
1.0545503495538363e-9
1.0295466859499254e-9
1.0012554684021567e-9
9.695914490656062e-10
9.344755665900128e-10
8.958355148325515e-10
8.536063107635785e-10
8.077308589601509e-10
7.581605099814738e-10
7.048556098276459e-10
6.47786037607597e-10
5.869317284668992e-10
5.222831787822339e-10
4.5384193058060114e-10
3.816210321204873e-10
3.056454715634546e-10
2.2595258066978344e-10
1.4259240547823187e-10
5.562804096951545e-11
-3.486407322204621e-11
-1.2879389891138477e-10
-2.2605759004180228e-10
-3.2653733058395414e-10
-4.301012221699888e-10
-5.366032238162225e-10
-6.458831459199126e-10
-7.57766700524914e-10
-8.720656096396911e-10
-9.885777731704345e-10
-1.1070874977823701e-9
-1.2273657877543113e-9
-1.349170698612387e-9
-1.4722477540471504e-9
-1.5963304263189688e-9
-1.721140680048166e-9
-1.8463895789746998e-9
-1.971777954935918e-9
-2.0969971379909753e-9
-2.2217297462791843e-9
-2.3456505338643183e-9
-2.4684272944723907e-9
-2.589721818710666e-9
-2.709190901998904e-9
-2.8264874001378722e-9
-2.9412613291078362e-9
-3.0531610053861805e-9
-3.1618342227740224e-9
-3.2669294614350145e-9
-3.3680971245873187e-9
-3.4649907980365453e-9
-3.557268527510063e-9
-3.6445941085382482e-9
-3.726638383454565e-9
-3.803080539922782e-9
-3.873609405256604e-9
-3.937924730709113e-9
-3.995738459828215e-9
-4.0467759749144215e-9
-4.090777315627644e-9
-4.1274983637907365e-9
-4.156711988488234e-9
-4.178209145656947e-9
-4.191799926446036e-9
-4.197314548829324e-9
-4.194604287067386e-9
-4.183542333882798e-9
-4.164024590428246e-9
-4.135970379412411e-9
-4.0993230770440584e-9
-4.054050659798239e-9
-4.000146162357342e-9
-3.9376280434641085e-9
-3.866540456829974e-9
-3.786953424674614e-9
-3.6989629119021342e-9
-3.6026907994005024e-9
-3.4982847554051334e-9
-3.3859180043709237e-9
-3.2657889932725403e-9
-3.1381209557787733e-9
-3.0031613752134397e-9
-2.8611813477543914e-9
-2.712474847788293e-9
-2.5573578978599416e-9
-2.3961676461175373e-9
-2.229261354635257e-9
-2.0570153024589356e-9
-1.879823607642238e-9
-1.6980969729845058e-9
-1.51226136055514e-9
-1.3227566004768225e-9
-1.1300349397801087e-9
-9.345595374540904e-10
-7.368029121043109e-10
-5.372453488793081e-10
-3.363732725461721e-10
-1.3467759376092602e-10
6.734796425306145e-11
2.692085513311837e-10
4.70409880916202e-10
6.704599181451102e-10
8.68870558091083e-10
1.0651592868258783e-9
1.2588508180737079e-9
1.4494786983392395e-9
1.6365868735817917e-9
1.8197312106842344e-9
1.9984809672317895e-9
2.172420203363765e-9
2.341149129790318e-9
2.504285386376476e-9
2.6614652460809784e-9
2.8123447394106717e-9
2.956600694971814e-9
3.0939316921307128e-9
3.2240589222472614e-9
3.3467269554142966e-9
3.461704410112429e-9
3.5687845236887437e-9
3.667785622046758e-9
3.758551487461987e-9
3.84095162391687e-9
3.914881419861605e-9
3.98026220880271e-9
4.03704122860447e-9
4.0851914808726714e-9
4.12471149225483e-9
4.1556249799386075e-9
4.177980424061754e-9
4.191850550172543e-9
4.197331725246452e-9
4.194543271155244e-9
4.1836266998148486e-9
4.1647448745446815e-9
4.138081102470435e-9
4.103838163047879e-9
4.0622372780041986e-9
4.013517028199999e-9
3.957932223059592e-9
3.895752728348615e-9
3.827262258179171e-9
3.752757137168879e-9
3.6725450387242033e-9
3.5869437054051037e-9
3.4962796572922214e-9
3.4008868942234203e-9
3.3011055976568966e-9
3.1972808378010077e-9
3.089761291508325e-9
2.978897976235665e-9
2.8650430051956426e-9
2.7485483685753406e-9
2.629764745486095e-9
2.5090403510134794e-9
2.3867198224875656e-9
2.2631431487746774e-9
2.1386446461096374e-9
2.0135519836511765e-9
1.8881852616298596e-9
1.7628561446243607e-9
1.6378670521637152e-9
1.5135104085186614e-9
1.3900679532032546e-9
1.267810113380626e-9
1.1469954390164817e-9
1.0278701013223031e-9
9.106674546789085e-10
7.956076619544853e-10
6.828973827946858e-10
5.727295242009932e-10
4.652830524245688e-10
3.6072286493666155e-10
2.591997209996568e-10
1.6085022912620774e-10
6.579688949881417e-11
-2.5851810773815703e-11
-1.1400125186158124e-10
-1.9857048734594213e-10
-2.794920048774271e-10
-3.5671144409162776e-10
-4.3018727460457246e-10
-4.998904370085211e-10
-5.658039498458226e-10
-6.279224855888563e-10
-6.862519186880804e-10
-7.408088487568491e-10
-7.916201019638171e-10
-8.38722213679867e-10
-8.821608953943723e-10
-9.219904888622478e-10
-9.582734103873287e-10
-9.910795880612862e-10
-1.0204858947013556e-9
-1.0465755791237993e-9
-1.0694376982858035e-9
-1.0891665527117493e-9
-1.1058611274957996e-9
-1.1196245410421806e-9
-1.1305635035689135e-9
-1.1387877872599982e-9
-1.1444097098068098e-9
-1.147543632935486e-9
-1.148305477365653e-9
-1.1468122555009304e-9
-1.14318162300088e-9
-1.137531450239617e-9
-1.1299794145083694e-9
-1.120642613680034e-9
-1.1096372019115344e-9
-1.097078047828378e-9
-1.0830784155011317e-9
-1.0677496684017058e-9
-1.0512009964052058e-9
-1.033539165790324e-9
-1.0148682920823925e-9
-9.952896354834938e-10
-9.749014185380115e-10
-9.537986655957701e-10
-9.320730635548162e-10
-9.098128432907731e-10
-8.871026811167566e-10
-8.640236195560512e-10
-8.4065300666021e-10
-8.170644530595423e-10
-7.933278058949364e-10
-7.695091387499394e-10
-7.45670756675563e-10
-7.2187121538353e-10
-6.981653536701839e-10
-6.746043381268474e-10
-6.512357191902936e-10
-6.281034975920976e-10
-6.052482002725527e-10
-5.827069648382603e-10
-5.605136316592899e-10
-5.386988427226954e-10
-5.172901463817978e-10
-4.96312107169652e-10
-4.757864198723279e-10
-4.557320270915699e-10
-4.361652395586909e-10
-4.170998584981868e-10
-3.985472993756672e-10
-3.8051671640329153e-10
-3.6301512721391717e-10
-3.460475371548712e-10
-3.2961706269135794e-10
-3.137250534490652e-10
-2.9837121246456115e-10
-2.8355371425084333e-10
-2.692693203235328e-10
-2.555134918703155e-10
-2.4228049928264314e-10
-2.2956352830388625e-10
-2.1735478258195458e-10
-2.056455824472394e-10
-1.944264597676703e-10
-1.8368724876255305e-10
-1.7341717268490338e-10
-1.6360492630847222e-10
-1.5423875418056939e-10
-1.4530652462504111e-10
-1.367957995011299e-10
-1.2869389974406605e-10
-1.2098796673116466e-10
-1.1366501953404114e-10
-1.0671200813235996e-10
-1.0011586267799978e-10
-9.386353891044146e-11
-8.794205983456082e-11
-8.233855378106074e-11
-7.70402889773914e-11
-7.203470476342301e-11
-6.730943959127372e-11
-6.285235595268339e-11
-5.865156238024045e-11
-5.4695432670715886e-11
-5.0972622479666335e-11
-4.747208343663535e-11
-4.418307492955007e-11
-4.109517370553012e-11
-3.819828143321834e-11
-3.5482630369150554e-11
-3.293878726742622e-11
-3.055765566838487e-11
-2.833047669789204e-11
-2.624882850450762e-11
-2.4304624457120043e-11
-2.2490110220745687e-11
-2.0797859823102703e-11
-1.922077081934362e-11
-1.7752058657012114e-11
-1.638525033790945e-11
-1.511417746814201e-11
-1.39329687822447e-11
-1.2836042221904821e-11
-1.181809664453771e-11
-1.0874103231767594e-11
-9.999296662780825e-12
-9.18916611257859e-12
-8.43944613034637e-12
-7.746107448517701e-12
-7.105347768646291e-12
-6.513582565908647e-12
-5.9674359499686935e-12
-5.463731616025083e-12
-4.999483916170132e-12
-4.571889077674274e-12
-4.178316591516614e-12
-3.81630079137421e-12
-3.4835326403849924e-12
-3.177851740286433e-12
-2.897238575021598e-12
-2.6398069985711975e-12
-2.4037969746284487e-12
-2.1875675737580145e-12
-1.9895902318846306e-12
-1.8084422723137897e-12
-1.6428006920078407e-12
-1.4914362115044043e-12
-1.3532075866702943e-12
-1.227056179423163e-12
-1.1120007836178483e-12
-1.007132701474905e-12
-9.11611065222391e-13
-8.246583980142955e-13
-7.455564076802602e-13
-6.736420064375547e-13
-6.083035493556074e-13
-5.489772840957467e-13
-4.951440042503859e-13
-4.4632589846773963e-13
-4.0208358746763514e-13
-3.620133410217693e-13
-3.2574446698633253e-13
-2.9293686452788807e-13
-2.6327873377291434e-13
-2.3648443423065406e-13
-2.1229248448582793e-13
-1.9046369582684672e-13
-1.7077943266417972e-13
-1.530399927982908e-13
-1.3706310081476366e-13
-1.226825081125199e-13
-1.0974669330761692e-13
-9.811765699691706e-14
-8.76698051118029e-14
-7.828891533941009e-14
-6.987118133662547e-14
-6.232232970843725e-14
-5.5556804966164626e-14
-4.949701792133916e-14
-4.40726532068211e-14
-3.9220031846995716e-14
-3.488152502334183e-14
-3.100501539927951e-14
-2.7543402578962675e-14
-2.4454149477854952e-14
-2.1698866578562033e-14
-1.9242931233050332e-14
-1.7055139352123094e-14
-1.5107386994685575e-14
-1.3374379532992523e-14
-1.1833366225701912e-14
-1.0463898178365618e-14
-9.247607810963622e-15
-8.168008084548858e-15
-7.210309864062594e-15
-6.361255912234611e-15
-5.608970120341672e-15
-4.9428206857683056e-15
-4.353296044002114e-15
-3.831892454211595e-15
-3.3710122231118038e-15
-2.9638716317497525e-15
-2.6044177043527194e-15
-2.2872530277939833e-15
-2.0075678947725497e-15
-1.7610791037623975e-15
-1.5439748044022044e-15
-1.3528648285274067e-15
-1.1847359947314902e-15
-1.036911918415289e-15
-9.070168999693002e-16
-7.929435012522642e-16
-6.928234550821896e-16
-6.050015842477681e-16
-5.28012435763358e-16
-4.605593629098239e-16
-4.0149581219757886e-16
-3.498085949164974e-16
-3.0460294355302895e-16
-2.6508917219989146e-16
-2.3057077729327715e-16
-2.004338307122806e-16
-1.7413753158398907e-16
-1.512057961646912e-16
-1.312197770178442e-16
-1.1381121347692929e-16
-9.865652515731863e-17
-8.547156914739456e-17
-7.400698954355847e-17
-6.40440952669756e-17
-5.5391208678585966e-17
-4.788043345345016e-17
-4.136479554265754e-17
-3.5715715892093325e-17
-3.082077795045858e-17
-2.6581756927403783e-17
-2.291288129698837e-17
-1.9739300218476594e-17
-1.6995733399570094e-17
-1.4625282487276104e-17
-1.2578385366912213e-17
-1.0811896805837088e-17
-9.288280718845071e-18
-7.974900977934477e-18
-6.843399159817621e-18
-5.8691489375309105e-18
-5.03077799385686e-18
-4.309749378356121e-18
-3.689995159734023e-18
-3.157596052834786e-18
-2.7005014354522634e-18
-2.3082848239917132e-18
-1.9719304575195633e-18
-1.6836471546944356e-18
-1.4367060645511258e-18
-1.2252993364120236e-18
-1.0444170920310535e-18
-8.897403995167484e-19
-7.575482282166031e-19
-6.446366106571985e-19
-5.482484554931346e-19
-4.660126474912117e-19
-3.9589123979004817e-19
-3.3613369263761626e-19
-2.852372438446879e-19
-2.419126113729065e-19
-2.0505432964413878e-19
-1.7371510995272795e-19
-1.470836932391043e-19
-1.2446573173472703e-19
-1.0526729575949771e-19
-8.898065425995402e-20
-7.517202341744629e-20
-6.347101762620639e-20
-5.3561572043582275e-20
-4.5174136370107745e-20
-3.807896607231042e-20
-3.208036039963786e-20
-2.701171669339449e-20
-2.273128801475843e-20
-1.9118546359818166e-20
-1.6071066971547505e-20
-1.3501860755704795e-20
-1.1337091782698408e-20
-9.514125505933723e-21
-7.979860820136898e-21
-6.689305570604221e-21
-5.604360737106042e-21
-4.69278336900074e-21
-3.927302540821651e-21
-3.284866217594759e-21
-2.7460000423982456e-21
-2.2942617515801005e-21
-1.915777243234635e-21
-1.5988463222792807e-21
-1.3336078643535307e-21
-1.1117556187409315e-21
-9.26297140451801e-22
-7.713494320712038e-22
-6.419658116811227e-22
-5.339893255396267e-22
-4.439287117720663e-22
-3.6885351013050725e-22
-3.063054167545846e-22
-2.542234137828103e-22
-2.1088057193139456e-22
-1.748307386791346e-22
-1.4486359313384633e-22
-1.1996677760951942e-22
-9.929401109053261e-23
-8.213825598168043e-23
-6.790915103343044e-23
-5.611404369131312e-23
-4.6342057434355887e-23
-3.8250716588116634e-23
-3.1554724890690563e-23
-2.601655669692831e-23
-2.1438572787498273e-23
-1.765641772542253e-23
-1.4533493785892762e-23
-1.1956338710927663e-23
-9.83076179184242e-24
-8.078615812466784e-24
-6.635101835789056e-24
-5.446520232188491e-24
-4.468395193007776e-24
-3.663911643693221e-24
-3.0026133014272617e-24
-2.4593188978045842e-24
-2.013220549141633e-24
-1.6471341102151565e-24
-1.346876265020472e-24
-1.1007472373821544e-24
-8.991014691435687e-25
-7.339915192450226e-25
-5.988728719925533e-25
-4.883593821423126e-25
-3.9802079127890604e-25
-3.242151776465661e-25
-2.6395039499983924e-25
-2.147695529858284e-25
-1.7465642386597412e-25
-1.4195735478546786e-25
-1.1531684378175973e-25
-9.362442016942252e-26
-7.597087168896467e-26
-6.161219514893862e-26
-4.9939925358425667e-26
-4.045672826735612e-26
-3.275633621034588e-26
-2.650706251510334e-26
-2.143826494587877e-26
-1.7329237064936246e-26
-1.4000097415684677e-26
-1.1304321634735706e-26
-9.122624833173317e-27
-7.35795305475563e-27
-5.93138515637916e-27
-4.778781591432343e-27
-3.8480455797041576e-27
-3.09688607373698e-27
-2.4909916572999854e-27
-2.002540764382208e-27
-1.6089869899284512e-27
-1.2920692764380663e-27
-1.0370058175765953e-27
-8.318379638846642e-28
-6.6689653001983155e-28
-5.343679221259945e-28
-4.279416215190472e-28
-3.4252393677216933e-28
-2.7400570237718606e-28
-2.1907386721099006e-28
-1.750587696633012e-28
-1.3981041228697307e-28
-1.1159828794856395e-28
-8.90303216374553e-29
-7.09873183915336e-29
-5.656998194042886e-29
-4.505611833569669e-29
-3.58660867408827e-29
-2.8534924310837276e-29
-2.268986895345115e-29
-1.8032245227543752e-29
-1.4322874908569485e-29
-1.1370333206607846e-29
-9.021501079179047e-30
-7.153969123222913e-30
-5.669933709428246e-30
-4.4912950521020074e-30
-3.55572281666967e-30
-2.8135001212908395e-30
-2.22499339726029e-30
-1.758625168826701e-30
-1.3892507255513067e-30
-1.0968589690935454e-30
-8.655332982814039e-31
-6.826209632224984e-31
-5.380694483466795e-31
-4.238966036083435e-31
-3.337678117256756e-31
-2.6265876422507403e-31
-2.0658666853185086e-31
-1.6239612320898942e-31
-1.275886409700896e-31
-1.001870003313237e-31
-7.862737249511861e-32
-6.167358559041868e-32
-4.834902250683902e-32
-3.7882556656837983e-32
-2.9665656689503126e-32
-2.3218372352647707e-32
-1.81623782186805e-32
-1.4199623047175728e-32
-1.1095428781195664e-32
-8.665119516120407e-33
-6.763449232119985e-33
-5.276247258664805e-33
-4.113820044134007e-33
-3.2057430028788735e-33
-2.4967519408936522e-33
-1.9435037659337233e-33
-1.5120240224428456e-33
-1.1756967751512578e-33
-9.136825084890707e-34
-7.096736161620872e-34
-5.5091600524802306e-34
-4.274403509735089e-34
-3.3145842333093684e-34
-2.568893106017627e-34
-1.9898780121723248e-34
-1.5405306239555455e-34
-1.1920039588720847e-34
-9.21825153473058e-35
-7.124968055726562e-35
-5.504030287070771e-35
-4.2495432178328973e-35
-3.279194999665745e-35
-2.529040641651328e-35
-1.9494314219979311e-35
-1.5018401782211703e-35
-1.1563867150409677e-35
-8.899100308536784e-36
-6.844673848544359e-36
-5.261663599021636e-36
-4.042565596898587e-36
-3.1042362461442003e-36
-2.382408129615541e-36
-1.827432231613855e-36
-1.4009741904838269e-36
-1.0734522695913346e-36
-8.220516526807071e-37
-6.291862937742058e-37
-4.813081240754777e-37
-3.6798569593541484e-37
-2.8119170345664675e-37
-2.1475233857785874e-37
-1.6392196387883342e-37
-1.2505476842329505e-37
-9.53514361821522e-38
-7.266380057710013e-38
-5.534429775456869e-38
-4.213001054185663e-38
-3.205340583413324e-38
-2.437365938501055e-38
-1.8523849640433105e-38
-1.4070376659807254e-38
-1.0681793544131479e-38
-8.10488073676815e-39
-6.146290496732249e-39
-4.658472702634456e-39
-3.528889485606522e-39
-2.671754832508323e-39
-2.0217116091457434e-39
-1.528994327137803e-39
-1.1557306299867235e-39
-8.731150314587669e-40
-6.5925041396724345e-40
-4.975004453355536e-40
-3.752326885030041e-40
-2.8286029939212004e-40
-2.1311179187858693e-40
-1.6047490558150116e-40
-1.2077330547768814e-40
-9.084456804499843e-41
-6.829535624870275e-41
-5.131538551057601e-41
-3.853614248886048e-41
-2.8923651213449186e-41
-2.1697127308941133e-41
-1.6267305197733551e-41
-1.218970679534712e-41
-9.129251731862106e-42
-6.833471620516905e-42
-5.112247934701705e-42
-3.8224932975553565e-42
-2.8565766329951555e-42
-2.1335821002165868e-42
-1.5927117459187427e-42
-1.1883089311812675e-42
-8.861064642853114e-43
-6.603996344825336e-43
-4.919173381238898e-43
-3.662198096501756e-43
-2.724933715104746e-43
-2.0264433613226026e-43
-1.506181902763502e-43
-1.1188833689590102e-43
-8.307238138975023e-44
-6.164430499719493e-44
-4.571868488589652e-44
-3.388901737981079e-44
-2.510664676313194e-44
-1.85901522482992e-44
-1.3757568663120523e-44
-1.0175715346135622e-44
-7.522336170526927e-45
-5.5578275076214275e-45
-4.1041378270067836e-45
-3.0290285508550354e-45
-2.2343405278786536e-45
-1.647251588802877e-45
-1.2137663479212776e-45
-8.938709930847983e-46
-6.579292584820254e-46
-4.840031290116476e-46
-3.558621194355341e-46
-2.615049923805202e-46
-1.920626198612911e-46
-1.4098417355452703e-46
-1.034338132809173e-46
-7.584367652493655e-47
-5.5582860762037725e-47
-4.071243699962589e-47
-2.980423632162252e-47
-2.1806883360654259e-47
-1.5946813506714303e-47
-1.165517908631714e-47
-8.513903363321863e-48
-6.215888566869858e-48
-4.535680670233759e-48
-3.3078551001715664e-48
-2.4111001347828282e-48
-1.7565025716589093e-48
-1.2789309974129934e-48
-9.30701097876155e-49
-6.769212325080592e-49
-4.9207449184883666e-49
-3.5751015545249806e-49
-2.596036148096061e-49
-1.8840738352392305e-49
-1.3666268215435457e-49
-9.907562214776447e-50
-7.178745070486831e-50
-5.198704311747143e-50
-3.7627604699241587e-50
-2.7219673254349707e-50
-1.967995625846351e-50
-1.4221003531830123e-50
-1.0270728801166549e-50
-7.413737233339747e-51
-5.348574310778195e-51
-3.8565929607272384e-51
-2.779294111145521e-51
-2.0018436313342718e-51
-1.4410887978588212e-51
-1.0368508531759722e-51
-7.456015454906945e-52
-5.358734992844116e-52
-3.8493086794602464e-52
-2.7635554496733678e-52
-1.9829813042313317e-52
-1.4221128358372078e-52
-1.0193292821019396e-52
-7.302304837331392e-53
-5.228419659240951e-53
-3.7415017100337665e-53
-2.6760023665204085e-53
-1.9128991818196307e-53
-1.3666670375048407e-53
-9.75884489587594e-54
-6.964648060201601e-54
-4.967810333331918e-54
-3.5415706977497545e-54
-2.523433765537856e-54
-1.7970203536671773e-54
-1.2790254347745081e-54
-9.098514077296421e-55
-6.468846920211745e-55
-4.596723655771434e-55
-3.264638088494647e-55
-2.317324339084437e-55
-1.6440073014139598e-55
-1.16569734303025e-55
-8.261007632220565e-56
-5.851206143743375e-56
-4.142122511848335e-56
-2.930661456479814e-56
-2.0723998087581043e-56
-1.4646930443361524e-56
-1.0346295683755337e-56
-7.304463948390231e-57
-5.154149575683593e-57
-3.6348868455645984e-57
-2.5620640939126877e-57
-1.8049048294161607e-57
-1.2708194488399391e-57
-8.942905333182253e-58
-6.289826347338537e-58
-4.421441921237224e-58
-3.1063790406021834e-58
-2.1812740334034857e-58
-1.530845201055732e-58
-1.0737856513880965e-58
-7.5278194307635505e-59
-5.27455801483361e-59
-3.693756337002261e-59
-2.585328349546122e-59
-1.8085414838619228e-59
-1.2644642308411735e-59
-8.835882563338783e-60
-6.171043963355472e-60
-4.3075732394133116e-60
-3.005190660232871e-60
-2.0954472215223274e-60
-1.4603157343053403e-60
-1.0171433169184864e-60
-7.080809140374053e-61
-4.926619091369886e-61
-3.425945476026776e-61
-2.3810980434399316e-61
-1.6540151564828017e-61
-1.1483309562689799e-61
-7.968196704722647e-62
-5.526095839989738e-62
-3.830382778396586e-62
-2.653574849923864e-62
-1.83732471417348e-62
-1.2714693774556904e-62
-8.79409822184167e-63
-6.079139974866883e-63
-4.200088139982699e-63
-2.900281151215116e-63
-2.0016458301410956e-63
-1.3807015665586748e-63
-9.518704608318672e-64
-6.558753931957046e-64
-4.5167940266372965e-64
-3.1088853152881566e-64
-2.1386739907131457e-64
-1.4704489465214566e-64
-1.0104638820668664e-64
-6.9399625275014565e-65
-4.763859537210402e-65
-3.26833275703224e-65
-2.241088913701113e-65
-1.5358804569016975e-65
-1.0520133546103061e-65
-7.201958392606479e-66
-4.927713893994874e-66
-3.369813666254777e-66
-2.303200897600378e-66
-1.573342560796791e-66
-1.0741880129925609e-66
-7.329981154474279e-67
-4.999090106921558e-67
-3.407568750187626e-67
-2.3214741319765982e-67
-1.5806970227698505e-67
-1.0757193760198762e-67
-7.3166944892452154e-68
-4.97389290554331e-68
-3.3794305228468364e-68
-2.2948600334553914e-68
-1.5575230240478509e-68
-1.0565215148670037e-68
-7.162882338671502e-69
-4.853587858074186e-69
-3.2870293702486707e-69
-2.2248968908539586e-69
-1.505157037603747e-69
-1.0176990341930955e-69
-6.877372378032406e-70
-4.645060244314784e-70
-3.135637138722884e-70
-2.1155626470492973e-70
-1.4265652070483545e-70
-9.614418355663716e-71
-6.476197120294997e-71
-4.359962582351609e-71
-2.9336691164518952e-71
-1.9729004138803194e-71
-1.3260651797335466e-71
-8.908206083814665e-72
-5.981103540093356e-72
-4.013636809079011e-72
-2.691909844251667e-72
-1.8044657530651112e-72
-1.2089336750850957e-72
-8.09509608800922e-73
-5.417603877754431e-73
-3.623749735188484e-73
-2.422561774874463e-73
-1.6186659921683852e-73
-1.0809493555925323e-73
-7.214714968271972e-74
-4.8128102536882824e-74
-3.208810249714901e-74
-2.1382332135789454e-74
-1.4240716768602387e-74
-9.47925864262368e-75
-6.306416474597396e-75
-4.1933071778526213e-75
-2.7867400901308575e-75
-1.8509812339736255e-75
-1.2287777316284717e-75
-8.152868154119322e-76
-5.406463557230263e-76
-3.5832896792408175e-76
-2.3736481283818292e-76
-1.5715078158396805e-76
-1.0398783605488381e-76
-6.877242359581878e-77
-4.5458166517890185e-77
-3.0031380847762746e-77
-1.9829168009783657e-77
-1.3085776295453497e-77
-8.630983826025477e-78
-5.689668053700424e-78
-3.7486886880978714e-78
-2.4685256536091055e-78
-1.6246572046182113e-78
-1.06868980672078e-78
-7.025988382258888e-79
-4.616672051451426e-79
-3.031911109504713e-79
-1.9900763946480515e-79
-1.3055360865185464e-79
-8.560001979240658e-80
-5.609507138198314e-80
-3.674019051537408e-80
-2.4050492025270423e-80
-1.5735204565520159e-80
-1.028932039338897e-80
-6.724606269312642e-81
-4.39251151032205e-81
-2.8676413582231964e-81
-1.8711243301838474e-81
-1.2202430519553729e-81
-7.953456889120173e-82
-5.1812126003970556e-82
-3.3734384593857327e-82
-2.195230212818308e-82
-1.4277535692349897e-82
-9.280948122198677e-83
-6.029722788783047e-83
-3.9153290028144564e-83
-2.541002508938056e-83
-1.6481921709552725e-83
-1.0685049139139e-83
-6.923267750217805e-84
-4.483443098792373e-84
-2.9018711880482456e-84
-1.8771999572481728e-84
-1.2136930945155766e-84
-7.842836650588435e-85
-5.0652793888882784e-85
-3.2696373828594164e-85
-2.1094135349652485e-85
-1.360159448195573e-85
-8.765644962455976e-86
-5.646039244035925e-86
-3.63471090762644e-86
-2.3386316603287847e-86
-1.5039027286374348e-86
-9.665929979205018e-87
-6.209169567990457e-87
-3.986478048358399e-87
-2.558062893067817e-87
-1.640586170057108e-87
-1.0516055386107975e-87
-6.737095083705383e-88
-4.313784893206767e-88
-2.760643284678221e-88
-1.7657454808319335e-88
-1.1287867922707342e-88
-7.212100058597415e-89
-4.6055084022730615e-89
-2.9394050023319004e-89
-1.875026008534576e-89
-1.1954218338408738e-89
-7.6173006017102215e-90
-4.851176003416688e-90
-3.0878699224240547e-90
-1.964431977444709e-90
-1.2490534626717068e-90
-7.937634512789269e-91
-5.041586337322923e-91
-3.200437593957402e-91
-2.03056812157949e-91
-1.2876321551958754e-91
-8.160788360683381e-92
-5.1693801585148876e-92
-3.2727353353559866e-92
-2.0708534214414982e-92
-1.3096459292765777e-92
-8.27798244032005e-93
-5.229512109218348e-93
-3.3019000024595518e-93
-2.083688210112256e-93
-1.3142186598750333e-93
-8.284543901284345e-94
-5.219581228517872e-94
-3.2867661274078976e-94
-2.0685595713681579e-94
-1.301167936410715e-94
-8.180215903962517e-95
-5.139990020267417e-95
-3.227943197225201e-95
-2.0260753505879136e-95
-1.2710171363730384e-95
-7.969174294500363e-96
-4.9939173911522445e-96
-3.1277749301325547e-96
-1.9579236351330588e-96
-1.2249606013367067e-96
-7.659750290278238e-97
-4.78710799421079e-97
-2.9901843417279424e-97
-1.8667614686519282e-97
-1.1647851447000649e-97
-7.263884842610364e-98
-4.527497433330118e-98
-2.8204188753023726e-98
-1.7560430238955017e-98
-1.092755080304097e-98
-6.7963644778122515e-99
-4.2247074043122805e-99
-2.624718669462341e-99
-1.629802716401715e-99
-1.0114710781953997e-99
-6.273906734668607e-100
-3.889455503516585e-100
-2.409937162054528e-100
-1.4924122141252626e-100
-9.237150888441574e-101
-5.714173865705043e-101
-3.532930021581716e-101
-2.1831460691366755e-101
-1.3483316533963273e-101
-8.322941558004424e-102
-5.134795378516341e-102
-3.1661801521591993e-102
-1.9512561677694087e-102
-1.2018745645177552e-102
-7.398951671266039e-103
-4.552473540366337e-103
-2.7995670003250117e-103
-1.7206815381543382e-103
-1.0570032744453082e-103
-6.489606574929837e-104
-3.982232479634211e-104
-2.442311523826141e-104
-1.4970686523009745e-104
-9.171673507166359e-105
-5.615929796554389e-105
-3.436853104819393e-105
-2.102163489627332e-105
-1.2851038614469922e-105
-7.851925877399642e-106
-4.794909108140316e-106
-2.926515270777961e-106
-1.785202309057346e-106
-1.088404471061498e-106
-6.632227706666751e-107
-4.039194593782331e-107
-2.4586480382033744e-107
-1.4957678352350193e-107
-9.094906948838646e-108
-5.527115948129112e-108
-3.357106646289397e-108
-2.037970765435113e-108
-1.2365082357557998e-108
-7.498291685610284e-109
-4.544581578460254e-109
-2.752908234501788e-109
-1.666693823914736e-109
-1.0085238651887419e-109
-6.099339356676023e-110
-3.6867669168619574e-110
-2.2272800882863674e-110
-1.3448388852080838e-110
-8.11581155055898e-111
-4.895081479432553e-111
-2.950897829269751e-111
-1.7779301701637732e-111
-1.070635174098118e-111
-6.443689397143425e-112
-3.876091083682144e-112
-2.3303418618694755e-112
-1.4002693696228373e-112
-8.409493361883902e-113
-5.047709680614735e-113
-3.028204496889914e-113
-1.8156926218634542e-113
-1.0880923495456169e-113
-6.517116520558259e-114
-3.901319497345628e-114
-2.334177377461296e-114
-1.3957977701218043e-114
-8.342139612041288e-115
-4.983089855831788e-115
-2.974995383850436e-115
-1.7751709770167963e-115
-1.0586694927024253e-115
-6.310255248265065e-116
-3.759237599567544e-116
-2.2383033649287228e-116
-1.3320006721609666e-116
-7.922390894479367e-117
-4.7094958464632706e-117
-2.798072091982095e-117
-1.6615358402633895e-117
-9.861134029581592e-118
-5.849386865324265e-118
-3.467848908740094e-118
-2.0548320402367905e-118
-1.2169110425701223e-118
-7.202904863262432e-119
-4.2611112254689415e-119
-2.51944225890268e-119
-1.4888546361296032e-119
-8.793596553807427e-120
-5.1909533750007146e-120
-3.0626267687913896e-120
-1.805956879447914e-120
-1.0643563046797675e-120
-6.269502176489978e-121
-3.6910118515195864e-121
-2.171821786529294e-121
-1.2772305459910762e-121
-7.507248203591862e-122
-4.4102034208713704e-122
-2.589422036208927e-122
-1.5195445239321e-122
-8.912312255982512e-123
-5.224367687131654e-123
-3.060859907466547e-123
-1.79233650577385e-123
-1.0489674917929815e-123
-6.135795705952007e-124
-3.587121918721227e-124
-2.095983071269902e-124
-1.2240405116573364e-124
-7.144473056179288e-125
-4.167839682210998e-125
-2.430066738851456e-125
-1.416093052128632e-125
-8.247679563560253e-126
-4.8010714081599547e-126
-2.7932573578846566e-126
-1.6242397665471454e-126
-9.439646487483549e-127
-5.483119696926436e-127
-3.1832161514957544e-127
-1.847017206347672e-127
-1.0711299499788126e-127
-6.208401514448549e-128
-3.596531289050963e-128
-2.0823527688321226e-128
-1.2050114765616166e-128
-6.969385379171442e-129
-4.028693210583373e-129
-2.3275570515311273e-129
-1.3440112264840738e-129
-7.756608693365969e-130
-4.4741165716136895e-130
-2.5793432239105725e-130
-1.4862005109504635e-130
-8.558784820917263e-131
-4.92621363650392e-131
-2.8338757884278723e-131
-1.629351615050562e-131
-9.363005050204387e-132
-5.3775212960587634e-132
-3.086849536141661e-132
-1.770986396378065e-132
-1.015503520388425e-132
-5.819880759614584e-133
-3.3335976942334318e-133
-1.9084409899131475e-133
-1.091970069448322e-133
-6.244665571275058e-134
-3.569226332489732e-134
-2.0389446968897554e-134
-1.1641347692452044e-134
-6.643050168647859e-135
-3.78877018544983e-135
-2.1597100773939156e-135
-1.2304362246271942e-135
-7.006308011850724e-136
-3.987363310956763e-136
-2.2680303283686053e-136
-1.2893724163560361e-136
-7.326125635490272e-137
-4.1604165970005886e-137
-2.3613792949593463e-137
-1.3395568690709893e-137
-7.594917068703308e-138
-4.303793183070851e-138
-2.437509006506687e-138
-1.379772690246812e-138
-7.806122130577215e-139
-4.413972484547266e-139
-2.4945395024596936e-139
-1.4090215499745201e-139
-7.9544722712390725e-140
-4.488193760836923e-140
-2.5310359459374967e-140
-1.4265648529971233e-140
-8.036208934485264e-141
-4.5245710600727846e-141
-2.5460686115495967e-141
-1.4319547335016375e-141
-8.049241810722653e-142
-4.522172860458751e-142
-2.539252246665507e-142
-1.4250530569950514e-142
-7.993237678599154e-143
-4.481061713306044e-143
-2.51076247978574e-143
-1.4060373037902768e-143
-7.869634564003874e-144
-4.402291532516795e-144
-2.4613283003911746e-144
-1.37539298426005e-144
-7.681580376565834e-145
-4.28786269442654e-145
-2.3922010597872577e-145
-1.33389303836206e-145
-7.433799679032919e-146
-4.1406376183806265e-146
-2.305101833090588e-146
-1.2825654396220031e-146
-7.132396460981458e-147
-3.964221801212321e-147
-2.2021502331504585e-147
-1.2226508988407833e-147
-6.784604408279928e-148
-3.7628172060877606e-148
-2.0857787851692268e-148
-1.1555530957024752e-148
-6.398498921297436e-149
-3.5410563203961278e-149
-1.958637684818238e-149
-1.0827842207610177e-149
-5.982686854479672e-150
-3.3038260076979993e-150
-1.823495128918046e-150
-1.0059087655024836e-150
-5.5459905361675256e-151
-3.056090447567338e-151
-1.6831384128374753e-151
-9.264884511171603e-152
-5.097142087138989e-152
-2.8027220017233626e-152
-1.5402806498521614e-152
-8.460309510602216e-153
-4.6445024888958866e-153
-2.5483478331827293e-153
-1.3974773294402834e-153
-7.659446669127699e-154
-4.195817436347621e-154
-2.2972186467540217e-154
-1.2570560603446487e-154
-6.87501301344213e-155
-3.758018980738597e-155
-2.0531041527769766e-155
-1.1210618220711923e-155
-6.118073834757189e-156
-3.337078608618992e-156
-1.8192179867781745e-156
-9.912188375267366e-157
-5.397850537034621e-157
-2.937914138030189e-157
-1.59817841699318e-157
-8.689237214975379e-158
-4.721424927289027e-158
-2.564034227226776e-158
-1.392313463921042e-158
-7.547080041126846e-159
-4.1274013489085086e-159
-2.17246045295675e-159
-1.0983237556330385e-159
-5.208494852697672e-160
0.
0.
0.
0.
0.
0.
0.
0.
0.
0.
0.
0.
0.
0.
0.
0.
0.
0.
0.
0.
0.
0.
0.
0.
0.
0.
0.
0.
0.
0.
0.
0.
0.
0.
0.
0.
0.
0.
0.
0.
0.
0.
0.
0.
0.
0.
0.
0.
0.
0.
0.
0.
0.
0.
0.
0.
0.
0.
0.
0.
0.
0.
0.
0.
0.
0.
0.
0.
0.
0.
0.
0.
0.
0.
0.
0.
0.
0.
0.
0.
0.
0.
0.
0.
0.
0.
0.
0.
0.
0.
0.
0.
0.
0.
0.
0.
0.
0.
0.
0.
0.
0.
0.
0.
0.
0.
0.
0.
0.
0.
0.
0.
0.
0.
0.
0.
0.
0.
0.
0.
0.
0.
0.
0.
0.
0.
0.
0.
0.
0.
0.
0.
0.
0.
0.
0.
0.
0.
0.
0.
0.
0.
0.
0.
0.
0.
0.
0.
0.
0.
0.
0.
0.
0.
0.
0.
0.
0.
0.
0.
0.
0.
0.