2.912360758548158e-55
4.10144427807886e-55
5.7728940718130434e-55
8.121111680550383e-55
1.1418327408835941e-54
1.6045550013662862e-54
2.2535740150960845e-54
3.1634002048592045e-54
4.4381455186487694e-54
6.223203715680545e-54
8.721507755122183e-54
1.2216145351274482e-53
1.710180189129685e-53
2.3928451992009473e-53
3.346203750107257e-53
4.676868920610951e-53
6.533156260974694e-53
9.121282733754383e-53
1.2727813612351911e-52
1.7750749923329955e-52
2.474255856416183e-52
3.446969998102571e-52
4.799493278270058e-52
6.6791047194477086e-52
9.289794149810765e-52
1.2913943867518604e-51
1.7942239776114785e-51
2.4914912638888642e-51
3.457856962712004e-51
4.7964466194316045e-51
6.649624696945529e-51
9.213816820192018e-51
1.275988985709501e-50
1.766115825723168e-50
2.4431849007494745e-50
3.3779901467985006e-50
4.667940401483919e-50
6.446991534777625e-50
8.899257287585034e-50
1.2277650977401973e-49
1.6929403383878661e-49
2.3330973722968426e-49
3.2135784705486304e-49
4.423945610448204e-49
6.086890172671048e-49
8.37039516156138e-49
1.1504328050492613e-48
1.58030656943945e-48
2.1696326987405456e-48
2.977116741822443e-48
4.082914443158673e-48
5.596409078187459e-48
7.666786604120451e-48
1.0497407095380239e-47
1.436532437119087e-47
1.9647783237573316e-47
2.6858168547945043e-47
3.6694750431979003e-47
5.010674365214907e-47
6.838378105416121e-47
9.32770323831491e-47
1.2716306943261568e-46
1.7326544019266413e-46
2.3595410832570662e-46
3.2114989535917893e-46
4.36870441229616e-46
5.939667902169297e-46
8.071166051176008e-46
1.0961626712676188e-45
1.48791572207539e-45
2.0185813001632965e-45
2.7370248335971774e-45
3.709161982941219e-45
5.023858769764422e-45
6.800856245803299e-45
9.20140843993877e-45
1.244255457630028e-44
1.6816256435619173e-44
2.271504493944564e-44
3.066637071277593e-44
4.1378586838934963e-44
5.580246837219032e-44
7.521347211160475e-44
1.0132166725716201e-43
1.3641856269557129e-43
1.8357310485630337e-43
2.4689316611152522e-43
3.3187421113648485e-43
4.458639449820477e-43
5.986811762750512e-43
8.034396167893287e-43
1.0776438669344542e-42
1.444646700242736e-42
1.9355856642758992e-42
2.5919552059527085e-42
3.4690209605768686e-42
4.640349400882462e-42
6.203813831072321e-42
8.28955343737662e-42
1.1070514574326528e-41
1.4776404223869118e-41
1.9712149755124086e-41
2.628230657866135e-41
3.502331201652029e-41
4.664608370956631e-41
6.209224864695549e-41
8.260832259046142e-41
1.0984351527033896e-40
1.4597861347660588e-40
1.9389572155232984e-40
2.5740168570371688e-40
3.415220151176427e-40
4.5288732590459164e-40
6.002411467349696e-40
7.951068235383784e-40
1.0526628765544583e-39
1.392891317442178e-39
1.842083193548848e-39
2.4348113752154587e-39
3.2165141362127346e-39
4.246876725784142e-39
5.604254910931775e-39
7.391458287444376e-39
9.743307075738389e-39
1.283650067545743e-38
1.690249790891282e-38
2.224431856546751e-38
2.925844767684712e-38
3.846337611539043e-38
5.053676709674447e-38
6.636382825347542e-38
8.710023211709026e-38
1.142539142991019e-37
1.4979135298147018e-37
1.962755785602021e-37
2.5704528515709786e-37
3.364471532951186e-37
4.401370212632062e-37
5.754700872765943e-37
7.520061748286589e-37
9.82163620379495e-37
1.2820650204938536e-36
1.672630512297588e-36
2.180990233752315e-36
2.8423081120434594e-36
3.702135428243067e-36
4.8194463243419095e-36
6.270550621792708e-36
8.154134644711575e-36
1.0597751544946769e-35
1.3766173188800355e-35
1.7872131432057635e-35
2.3190124509064937e-35
3.007415310060576e-35
3.8980491615364773e-35
5.049690753174249e-35
6.538013333501249e-35
8.460389452286634e-35
1.0942043233285957e-34
1.4143926799567615e-34
1.8272798293623231e-34
2.3594109526123766e-34
3.0448477147871117e-34
3.927272177008943e-34
5.062672653202331e-34
6.522770521775498e-34
8.399389906065206e-34
1.081002646753455e-33
1.3904940314989705e-33
1.7876185002145313e-33
2.2969094522232136e-33
2.949688909523591e-33
3.7859235900591665e-33
4.856582218153416e-33
6.226627719413234e-33
7.978813117016645e-33
1.0218494245961348e-32
1.3079728168613564e-32
1.673299633538499e-32
2.1394979751229842e-32
2.7340924262938705e-32
3.492027330009424e-32
4.457642013719081e-32
5.687165092620799e-32
7.251862452000672e-32
9.242007936076538e-32
1.1771888875729454e-31
1.4986112528241307e-31
1.9067546962213498e-31
2.424731423825587e-31
3.08173590602108e-31
3.9146247557527694e-31
4.969901490703817e-31
6.306208505303438e-31
7.997454068535853e-31
1.0136733908965908e-30
1.2841246460544611e-30
1.6258449992275907e-30
2.0573770945640172e-30
2.602024871613599e-30
3.289059637341408e-30
4.15522737810972e-30
5.246631463625535e-30
6.62108287379819e-30
8.35103234956959e-30
1.0527226437627094e-29
1.3263263506574667e-29
1.6701267984056883e-29
2.1018953175582725e-29
2.6438407380017013e-29
3.323701744209135e-29
4.176104184897805e-29
5.24424662409854e-29
6.581992297999003e-29
8.25646395890751e-29
1.0351260625800272e-28
1.2970442976091174e-28
1.6243468173875834e-28
2.0331296763320574e-28
2.543394560448404e-28
3.179982381853765e-28
3.9737265931999497e-28
4.962877102339015e-28
6.194857252632762e-28
7.728430511058807e-28
9.636370843840715e-28
1.2008751949483393e-27
1.4956996401992622e-27
1.8618857352550685e-27
2.3164543983104185e-27
2.880424889990715e-27
3.579739291596297e-27
4.44639723982445e-27
5.51984792100956e-27
6.848696647959277e-27
8.492795885974981e-27
1.0525805831235134e-26
1.3038328141158623e-26
1.6141738856153092e-26
1.9972873759107134e-26
2.4699752385382278e-26
3.052856681629764e-26
3.771220969987776e-26
4.656067437114594e-26
5.745373056538222e-26
7.085636452253421e-26
8.73375752580297e-26
1.0759324300814278e-25
1.3247393564008811e-25
1.630186992898817e-25
2.004960968061819e-25
2.4645401909358385e-25
3.027801089550799e-25
3.7177501503136983e-25
4.5624114745442175e-25
5.595901518210964e-25
6.859729718609121e-25
8.40437154939434e-25
1.0291169935588883e-24
1.259463220329799e-24
1.5405203192029763e-24
1.8832611244865085e-24
2.300990301685111e-24
2.8098306002247727e-24
3.429308508486156e-24
4.183059210163295e-24
5.099674637120305e-24
6.2137230551589865e-24
7.566974144371285e-24
9.209870109196906e-24
1.1203291168752463e-23
1.3620673064141303e-23
1.6550545245919497e-23
2.0099571489407122e-23
2.439619020214495e-23
2.9594970076758176e-23
3.5881818521215176e-23
4.348020607531067e-23
5.265860051103365e-23
6.373934035340883e-23
7.71092201297454e-23
9.32321099104459e-23
1.1266399099140395e-22
1.3607085946421043e-22
1.6425003176991573e-22
1.9815548329052084e-22
2.3892796511532684e-22
2.8793077826388133e-22
3.4679224227575135e-22
4.174560801796343e-22
5.022411590739024e-22
6.039122802910359e-22
7.257640116626711e-22
8.717199040474527e-22
1.0464498435055462e-21
1.2555087691321051e-21
1.5055005459913944e-21
1.8042714360289114e-21
2.1611383725602027e-21
2.5871581336204753e-21
3.095444546544106e-21
3.701542064223813e-21
4.4238654598229785e-21
5.284217022690538e-21
6.3083945400623525e-21
7.526905558531429e-21
8.975805984192299e-21
1.0697684055994755e-20
1.274281417656902e-20
1.5170509081368888e-20
1.8050703453939055e-20
2.1465807448137656e-20
2.551287476688556e-20
3.030613709696195e-20
3.5979964954022855e-20
4.269232451544585e-20
5.062881099805969e-20
6.000735178701932e-20
7.108368708474499e-20
8.415775260241599e-20
9.958110807714795e-20
1.1776557752486705e-19
1.391932925406167e-19
1.6442835909827527e-19
1.9413040170688067e-19
2.290702770471314e-19
2.7014829301562947e-19
3.1841531921021954e-19
3.750972321633275e-19
4.416232040478816e-19
5.196584182470568e-19
6.111418803383719e-19
7.183300900987979e-19
8.438474506697108e-19
9.907444168073297e-19
1.1625645271831257e-18
1.3634216282367622e-18
1.5980887816368755e-18
1.8721005568006487e-18
2.19187064732299e-18
2.5648270191137923e-18
2.9995671024912934e-18
3.506035884865226e-18
4.095730149887472e-18
4.781932548571537e-18
5.579979684003088e-18
6.507568950724743e-18
7.585109500249583e-18
8.83612341389304e-18
1.0287703962545401e-17
1.1971038730536937e-17
1.3922006388834295e-17
1.618185703418664e-17
1.8797987279564068e-17
2.1824822702785133e-17
2.5324821851765497e-17
2.936961778518927e-17
3.404131511730806e-17
3.943396275794509e-17
4.565522501854791e-17
5.2828276519910234e-17
6.109394941704419e-17
7.061316488461052e-17
8.156968461839264e-17
9.417322234389836e-17
1.0866296002519976e-16
1.2531151868248222e-16
1.4442943950614493e-16
1.6637023735435378e-16
1.9153609579923612e-16
2.2038428070990965e-16
2.534343579985557e-16
2.9127631068449406e-16
3.3457966093352076e-16
3.8410371429350484e-16
4.407090560677871e-16
5.053704437481983e-16
5.791912547780715e-16
6.634196657513143e-16
7.59466757601424e-16
8.689267615283908e-16
9.93599682495072e-16
1.1355165612496679e-15
1.296967662158275e-15
1.4805339028334867e-15
1.6891218727998377e-15
1.926002822438008e-15
2.1948560403958175e-15
2.4998170777545155e-15
2.8455313207190334e-15
3.237213460683005e-15
3.6807134614518164e-15
4.182589678431649e-15
4.7501898439688815e-15
5.3917406970218625e-15
6.116447104229366e-15
6.93460159349529e-15
7.857705300714428e-15
8.898601415509112e-15
1.0071622303121767e-14
1.1392751577198264e-14
1.2879802502393974e-14
1.4552614216824126e-14
1.6433267382618347e-14
1.8546320998532444e-14
2.0919072241908637e-14
2.3581841348569578e-14
2.656828368861428e-14
2.991573135381116e-14
3.3665566738451955e-14
3.7863630770314443e-14
4.256066863180036e-14
4.781281600344363e-14
5.368212906275619e-14
6.023716168073143e-14
6.755359347606102e-14
7.571491261305286e-14
8.48131574629493e-14
9.494972148947182e-14
1.0623622596746582e-13
1.1879546539764283e-13
1.3276243074012724e-13
1.4828541585358886e-13
1.6552721279432366e-13
1.846664018994438e-13
2.0589874284887764e-13
2.294386731705792e-13
2.555209209206905e-13
2.8440223853276817e-13
3.1636326508615155e-13
3.5171052449003187e-13
3.9077856731423873e-13
4.339322642177258e-13
4.815692591269479e-13
5.341225904967072e-13
5.920634891403742e-13
6.559043612418458e-13
7.262019652529874e-13
8.035607914336143e-13
8.886366528007964e-13
9.821404962157428e-13
1.0848424422437304e-12
1.1975760622703152e-12
1.321242901138371e-12
1.4568172532801923e-12
1.6053511999496118e-12
1.7679799147034751e-12
1.9459272437351978e-12
2.140511567014595e-12
2.3531519454349516e-12
2.5853745582974985e-12
2.8388194344739745e-12
3.1152474794657646e-12
3.416547799321444e-12
3.744745320970873e-12
4.102008706981707e-12
4.4906585610298655e-12
4.913175918499515e-12
5.372211014576808e-12
5.870592319976017e-12
6.4113358320276805e-12
6.997654606259463e-12
7.632968510817965e-12
8.320914183092581e-12
9.065355164729739e-12
9.870392187854236e-12
1.0740373581739934e-11
1.1679905765415439e-11
1.2693863787734955e-11
1.378740187230477e-11
1.496596392034019e-11
1.6235293920041447e-11
1.7601446206427546e-11
1.9070795510779358e-11
2.0650046733912236e-11
2.23462443724694e-11
2.4166781522286975e-11
2.6119408377685727e-11
2.8212240140290015e-11
3.045376424571662e-11
3.2852846811201496e-11
3.541873820205996e-11
3.8161077609705707e-11
4.108989652899366e-11
4.421562101777928e-11
4.7549072616978684e-11
5.110146780503111e-11
5.48844158566013e-11
5.890991497166021e-11
6.319034653776869e-11
6.773846738562876e-11
7.256739989559138e-11
7.769061981122792e-11
8.312194161494089e-11
8.887550132033103e-11
9.496573653649934e-11
1.0140736366074855e-10
1.0821535205843188e-10
1.1540489509184032e-10
1.2299137786435232e-10
1.3099034155128081e-10
1.394174441955633e-10
1.482884178539095e-10
1.576190219882831e-10
1.6742499300763052e-10
1.7772198987668713e-10
1.8852553572154376e-10
1.9985095537627562e-10
2.1171330883085671e-10
2.2412732055792255e-10
2.3710730471493873e-10
2.5066708623863546e-10
2.64819917870373e-10
2.795783931744791e-10
2.949543556361581e-10
3.1095880395170013e-10
3.2760179365106676e-10
3.448923352215137e-10
3.6283828893062844e-10
3.8144625657800835e-10
4.0072147043659205e-10
4.206676796770918e-10
4.412870346023727e-10
4.6257996905233085e-10
4.84545081373884e-10
5.071790143851459e-10
5.30476334796938e-10
5.544294125890617e-10
5.790283008719669e-10
6.042606167978371e-10
6.301114241165853e-10
6.565631180032207e-10
6.83595312812378e-10
7.111847334432462e-10
7.393051110235871e-10
7.679270836450794e-10
7.970181029025554e-10
8.26542347007577e-10
8.564606412615471e-10
8.867303866847818e-10
9.173054976049026e-10
9.481363490123634e-10
9.791697344893469e-10
1.0103488355133185e-9
1.0416132029266656e-9
1.0728987513489549e-9
1.1041377672881013e-9
1.1352589316817614e-9
1.1661873575689208e-9
1.1968446435565743e-9
1.227148943702888e-9
1.2570150543915026e-9
1.2863545187183602e-9
1.31507574885296e-9
1.3430841667713948e-9
1.3702823636881567e-9
1.3965702784384322e-9
1.4218453949811559e-9
1.4460029591073444e-9
1.4689362143483236e-9
1.4905366569817463e-9
1.5106943099362896e-9
1.5292980152904124e-9
1.5462357449582801e-9
1.561394929042572e-9
1.5746628012270834e-9
1.5859267604666396e-9
1.595074748119616e-9
1.6019956395536966e-9
1.606579649141101e-9
1.6087187474493909e-9
1.6083070893177525e-9
1.6052414514059142e-9
1.599421677691817e-9
1.5907511312974177e-9
1.579137150920952e-9
1.564491510064272e-9
1.5467308771611317e-9
1.5257772746286514e-9
1.5015585348003295e-9
1.4740087506308307e-9
1.4430687190148307e-9
1.4086863745184286e-9
1.3708172112856674e-9
1.329424690866371e-9
1.2844806336982625e-9
1.2359655919801862e-9
1.1838692016855283e-9
1.1281905114964682e-9
1.0689382864733906e-9
1.0061312843358858e-9
9.397985022890957e-10
8.699793924167998e-10
7.967240437518575e-10
7.200933292428528e-10
6.401590159515297e-10
5.570038369545123e-10
4.707215235568449e-10
3.8141679659183123e-10
2.892053157329272e-10
1.9421358593851216e-10
9.657882031976381e-11
-3.551241075358823e-12
-1.060185568645216e-10
-2.1065505442013514e-10
-3.17282944326139e-10
-4.2571507886480887e-10
-5.357553539733246e-10
-6.47199153890678e-10
-7.598338374813933e-10
-8.734392650040544e-10
-9.877883638714508e-10
-1.1026477317273419e-9
-1.2177782749473659e-9
-1.332935880471122e-9
-1.447872118664177e-9
-1.5623349747247882e-9
-1.6760696059556887e-9
-1.7888191220641197e-9
-1.9003253854877353e-9
-2.0103298285981517e-9
-2.118574284510912e-9
-2.2248018281070705e-9
-2.3287576237870333e-9
-2.4301897763803103e-9
-2.528850181591577e-9
-2.6244953723062487e-9
-2.7168873570587607e-9
-2.8057944469706084e-9
-2.8909920674679225e-9
-2.9722635511300616e-9
-3.0494009080831106e-9
-3.1222055704168238e-9
-3.1904891071986405e-9
-3.2540739067899622e-9
-3.3127938232777273e-9
-3.36649478400364e-9
-3.415035355336537e-9
-3.4582872640170317e-9
-3.4961358716021995e-9
-3.528480599756799e-9
-3.555235304364632e-9
-3.57632859666488e-9
-3.5917041098838413e-9
-3.6013207100724327e-9
-3.6051526501427947e-9
-3.603189666358476e-9
-3.595437016815365e-9
-3.5819154617272722e-9
-3.562661185610857e-9
-3.537725661742369e-9
-3.5071754595498776e-9
-3.4710919958475724e-9
-3.4295712311293266e-9
-3.38272331236095e-9
-3.330672163988463e-9
-3.273555029112574e-9
-3.2115219630153737e-9
-3.1447352814361325e-9
-3.073368966207497e-9
-2.9976080310516055e-9
-2.9176478505002047e-9
-2.8336934550724616e-9
-2.745958795972274e-9
-2.6546659826977563e-9
-2.5600444970437255e-9
-2.4623303870759604e-9
-2.361765444702374e-9
-2.258596370518915e-9
-2.1530739296293166e-9
-2.0454521021305224e-9
-1.9359872319537836e-9
-1.8249371777011062e-9
-1.7125604690644409e-9
-1.5991154723493063e-9
-1.4848595685156227e-9
-1.37004834705811e-9
-1.2549348189122532e-9
-1.139768651433383e-9
-1.024795428347347e-9
-9.102559374000792e-10
-7.963854882543386e-10
-6.834132629971386e-10
-5.715617014205506e-10
-4.610459230307297e-10
-3.520731875301387e-10
-2.448423953036646e-10
-1.3954362920497193e-10
-3.635773873361706e-11
6.454403254795316e-11
1.630003757197903e-10
2.5886020092980636e-10
3.519828773478273e-10
4.4223842867425163e-10
5.295076844475781e-10
6.136823875898482e-10
6.946652588335271e-10
7.723700188589921e-10
8.467213691509479e-10
9.176549327558653e-10
9.85117156277946e-10
1.0490651745967744e-9
1.1094666399310491e-9
1.1662995169959862e-9
1.219551846101083e-9
1.2692214761514157e-9
1.3153157695816281e-9
1.357851281337977e-9
1.3968534140665283e-9
1.4323560517250213e-9
1.4644011738564952e-9
1.4930384527870632e-9
1.51832483601326e-9
1.540324116039448e-9
1.5591064899101619e-9
1.574748110648222e-9
1.587330632777266e-9
1.5969407540475592e-9
1.603669755437305e-9
1.6076130414233806e-9
1.60886968244389e-9
1.607541961396463e-9
1.6037349259145161e-9
1.597555948085234e-9
1.589114293155927e-9
1.5785206986850025e-9
1.5658869654759623e-9
1.551325561528859e-9
1.5349492401275685e-9
1.5168706730692903e-9
1.497202099928477e-9
1.4760549941333206e-9
1.4535397465186866e-9
1.429765366910462e-9
1.4048392041853776e-9
1.37886668514095e-9
1.3519510724114588e-9
1.3241932415608746e-9
1.295691477389643e-9
1.2665412893986263e-9
1.236835246268211e-9
1.2066628291255866e-9
1.1761103032970206e-9
1.1452606081707582e-9
1.114193264727227e-9
1.0829843002354665e-9
1.0517061895564501e-9
1.0204278124472622e-9
9.89214426213428e-10
9.58127653021611e-10
9.272254811498725e-10
8.965622794270245e-10
8.661888240900546e-10
8.36152337273583e-10
8.064965363311606e-10
7.772616931846493e-10
7.484847028930282e-10
7.201991606357109e-10
6.924354463113459e-10
6.652208159627939e-10
6.38579499252533e-10
6.125328022303541e-10
5.87099214653607e-10
5.622945211440387e-10
5.38131915489019e-10
5.14622117422692e-10
4.917734912507971e-10
4.695921657136293e-10
4.4808215451253564e-10
4.2724547695896237e-10
4.070822782374071e-10
3.875909488082962e-10
3.68768242510517e-10
3.506093929580825e-10
3.3310822785922294e-10
3.162572809203901e-10
3.0004790103087385e-10
2.8447035845676057e-10
2.6951394780471146e-10
2.551670875475584e-10
2.414174159332388e-10
2.2825188312824497e-10
2.1565683947396746e-10
2.0361811976107505e-10
1.9212112345212585e-10
1.811508908063872e-10
1.7069217488297592e-10
1.6072950941954334e-10
1.5124727260280867e-10
1.4222974676532359e-10
1.3366117405916508e-10
1.255258081722734e-10
1.1780796216657353e-10
1.104920525292863e-10
1.0356263953934021e-10
9.700446406046684e-11
9.080248088042708e-11
8.494188872292888e-11
7.940815706430602e-11
7.41870498917961e-11
6.92646465436243e-11
6.462735977376046e-11
6.02619511857178e-11
5.615554418055677e-11
5.2295634564107195e-11
4.8670098957675964e-11
4.526720115494088e-11
4.207559656566347e-11
3.908433488414431e-11
3.6282861117232476e-11
3.366101510305007e-11
3.1209029647660825e-11
2.8917527402569203e-11
2.6777516601403404e-11
2.478038576927673e-11
2.2917897513386504e-11
2.11821814982509e-11
1.9565726703780153e-11
1.806137305908439e-11
1.666230253962531e-11
1.5362029809993257e-11
1.415439248934467e-11
1.303354111129991e-11
1.199392884499281e-11
1.1030301038918034e-11
1.0137684644336055e-11
9.311377570207536e-12
8.546938017029271e-12
7.840173832470312e-12
7.187131927431062e-12
6.58408778702813e-12
6.027535107088719e-12
5.5141755829891774e-12
5.040908874123061e-12
4.604822763917198e-12
4.203183532138457e-12
3.8334265532441646e-12
3.493147131722155e-12
3.1800915827406832e-12
2.8921485639790647e-12
2.627340662228219e-12
2.3838162362359445e-12
2.159841515317086e-12
1.953792951441035e-12
1.7641498208539747e-12
1.5894870697694416e-12
1.4284683972744738e-12
1.2798395673307084e-12
1.1424219406043588e-12
1.0151062158188947e-12
8.968463693909976e-13
7.866537812711125e-13
6.835915341633217e-13
5.867688726344253e-13
4.953358080387995e-13
4.0847785467238347e-13
3.2541088212780234e-13
2.4537606844254293e-13
1.6763493831428077e-13
9.146447039512489e-14
1.6152257468985577e-14
-5.90082968404254e-14
-1.347227612894715e-13
-2.1170045667976105e-13
-2.9065924849511897e-13
-3.723303690008555e-13
-4.574632852087139e-13
-5.468306289775288e-13
-6.412332053329421e-13
-7.415050948523332e-13
-8.485188656661763e-13
-9.631909102757743e-13
-1.0864869219711207e-12
-1.2194275251525845e-12
-1.3630940733056695e-12
-1.5186346277515523e-12
-1.6872701295822183e-12
-1.8703007763935468e-12
-2.06911261453526e-12
-2.285184356604531e-12
-2.520094432810389e-12
-2.7755282836222264e-12
-3.0532858997798563e-12
-3.355289614281097e-12
-3.6835921493616925e-12
-4.040384919745024e-12
-4.428006591546088e-12
-4.848951894168952e-12
-5.3058806803295675e-12
-5.8016272269585514e-12
-6.3392097671887076e-12
-6.921840240904142e-12
-7.552934248416514e-12
-8.236121188740434e-12
-8.975254560650748e-12
-9.774422401241609e-12
-1.0637957833032216e-11
-1.1570449686832965e-11
-1.2576753163536127e-11
-1.3662000493796266e-11
-1.48316115501737e-11
-1.6091304361761466e-11
-1.744710547662002e-11
-1.8905360112485884e-11
-2.0472742031247915e-11
-2.2156263067600465e-11
-2.3963282237098277e-11
-2.5901514343593337e-11
-2.797903800074391e-11
-3.0204302976956666e-11
-3.2586136767857384e-11
-3.513375029509747e-11
-3.785674262515751e-11
-4.0765104596748996e-11
-4.3869221240519464e-11
-4.7179872870114074e-11
-5.070823471916913e-11
-5.4465874994746024e-11
-5.846475121390029e-11
-6.271720468675143e-11
-6.723595300651714e-11
-7.203408040463637e-11
-7.712502582729133e-11
-8.252256858857526e-11
-8.824081145508664e-11
-9.429416101715117e-11
-1.006973052030367e-10
-1.0746518779472291e-10
-1.146129798067521e-10
-1.2215604759397166e-10
-1.3010991755905622e-10
-1.3849023733716585e-10
-1.4731273334262788e-10
-1.5659316457138875e-10
-1.6634727256319228e-10
-1.76590727438824e-10
-1.8733906994083525e-10
-1.9860764942036534e-10
-2.1041155772850548e-10
-2.2276555898790734e-10
-2.3568401523908007e-10
-2.491808079759528e-10
-2.632692556070361e-10
-2.7796202690167925e-10
-2.932710505051092e-10
-3.0920742063248473e-10
-3.2578129907874423e-10
-3.430018137098423e-10
-3.6087695363063784e-10
-3.7941346125520227e-10
-3.986167215371331e-10
-4.184906486497052e-10
-4.390375704394124e-10
-4.602581110092123e-10
-4.821510718231564e-10
-5.047133117571221e-10
-5.279396265556997e-10
-5.51822628188299e-10
-5.763526246325467e-10
-6.015175006442761e-10
-6.273026001075198e-10
-6.536906105864177e-10
-6.806614507329966e-10
-7.081921612302114e-10
-7.362567999769095e-10
-7.648263422443411e-10
-7.938685865544262e-10
-8.233480670492708e-10
-8.532259731348774e-10
-8.834600771945937e-10
-9.14004671175634e-10
-9.448105128555234e-10
-9.758247825956794e-10
-1.006991051383416e-9
-1.0382492609562425e-9
-1.0695357167852002e-9
-1.100783094678127e-9
-1.1319204617346351e-9
-1.1628733123586739e-9
-1.1935636199959646e-9
-1.2239099052234025e-9
-1.2538273207705382e-9
-1.2832277540001615e-9
-1.3120199473162675e-9
-1.3401096369049514e-9
-1.3673997101419289e-9
-1.3937903819273443e-9
-1.4191793901279492e-9
-1.443462210217875e-9
-1.4665322891265694e-9
-1.4882812981983987e-9
-1.508599405078139e-9
-1.5273755642283341e-9
-1.5444978256818385e-9
-1.559853661524275e-9
-1.5733303094863956e-9
-1.584815132922509e-9
-1.5941959963255077e-9
-1.601361655426745e-9
-1.6062021608068775e-9
-1.6086092738369184e-9
-1.6084768936486449e-9
-1.6057014937372055e-9
-1.600182566679593e-9
-1.5918230753611757e-9
-1.5805299089978963e-9
-1.5662143421527733e-9
-1.5487924948605045e-9
-1.5281857918913151e-9
-1.5043214191200152e-9
-1.4771327748961015e-9
-1.4465599142596903e-9
-1.4125499838138347e-9
-1.375057645007356e-9
-1.33404548358632e-9
-1.2894844029444577e-9
-1.2413539991020883e-9
-1.189642915072777e-9
-1.1343491723834284e-9
-1.0754804775624118e-9
-1.0130545014681688e-9
-9.470991293777852e-10
-8.776526798524607e-10
-8.047640904800711e-10
-7.284930686950062e-10
-6.489102060097011e-10
-5.660970540981794e-10
-4.801461613451271e-10
-3.911610685930679e-10
-2.9925626301995307e-10
-2.0455708922757973e-10
-1.0719961682308098e-10
-7.330463963873485e-12
9.489342346718188e-11
1.9930503716591372e-10
3.05727616107914e-10
4.1397500032078267e-10
5.238520282034736e-10
6.351549766254831e-10
7.476720428238879e-10
8.611838668888217e-10
9.754640934114865e-10
1.090279970628533e-9
1.2053929852149442e-9
1.3205595306393054e-9
1.4355316068059393e-9
1.5500575485119717e-9
1.663882780077717e-9
1.7767505933100704e-9
1.88840294582284e-9
1.9985812765788553e-9
2.1070273354001744e-9
2.2134840230592533e-9
2.31769623847205e-9
2.4194117294473727e-9
2.5183819433587405e-9
2.6143628740662836e-9
2.7071159014118298e-9
2.796408619572494e-9
2.882015650585954e-9
2.9637194394068947e-9
3.041311026886289e-9
3.1145907971402285e-9
3.1833691958938797e-9
3.247467416465237e-9
3.306718050201636e-9
3.3609656983351192e-9
3.410067542378458e-9
3.4538938703615313e-9
3.492328556435754e-9
3.525269491554867e-9
3.552628963174869e-9
3.5743339821659004e-9
3.5903265553720638e-9
3.6005639025037494e-9
3.605018616316565e-9
3.6036787653205402e-9
3.596547938514498e-9
3.583645231921644e-9
3.5650051770184365e-9
3.5406776113662597e-9
3.5107274921015836e-9
3.4752346531561883e-9
3.434293507394408e-9
3.3880126950743684e-9
3.33651468034331e-9
3.279935297670295e-9
3.218423250370949e-9
3.1521395636430973e-9
3.081256994652368e-9
3.0059594024681163e-9
2.926441080803069e-9
2.842906056668179e-9
2.7555673581867742e-9
2.664646254944147e-9
2.570371474365643e-9
2.472978397669837e-9
2.3727082390251914e-9
2.269807211588253e-9
2.16452568411764e-9
2.057117331853563e-9
1.9478382853624526e-9
1.8369462809840599e-9
1.7246998164827204e-9
1.6113573154189457e-9
1.4971763036917793e-9
1.3824126015576586e-9
1.2673195343388102e-9
1.1521471648901437e-9
1.0371415507318467e-9
9.225440285914197e-10
8.085905289335296e-10
6.955109228517336e-10
5.835284035167973e-10
4.728589041444804e-10
3.6371055426706495e-10
2.562831758461782e-10
1.507678205691842e-10
4.7346349418205085e-11
-5.380894459246791e-11
-1.5253566986924887e-10
-2.4868162543342156e-10
-3.42105045661166e-10
-4.326748005649203e-10
-5.202705518346922e-10
-6.047828650598865e-10
-6.861132787618367e-10
-7.641743310262014e-10
-8.38889544749517e-10
-9.101933726441841e-10
-9.780311033351262e-10
-1.0423587300098793e-9
-1.1031427832332992e-9
-1.1603601296656588e-9
-1.2139977385137829e-9
-1.2640524176738333e-9
-1.310530521581937e-9
-1.3534476328832843e-9
-1.3928282200752755e-9
-1.4287052733314558e-9
-1.4611199207453421e-9
-1.490121027257339e-9
-1.515764778523561e-9
-1.538114251997481e-9
-1.5572389774610395e-9
-1.573214489230436e-9
-1.586121872208192e-9
-1.5960473039211157e-9
-1.6030815946074424e-9
-1.607319727364731e-9
-1.6088604002891061e-9
-1.6078055724512447e-9
-1.6042600154728007e-9
-1.5983308723652514e-9
-1.5901272252003976e-9
-1.5797596730717775e-9
-1.567339921698593e-9
-1.5529803859235884e-9
-1.5367938062298918e-9
-1.5188928802969693e-9
-1.4993899105008326e-9
-1.4783964681496211e-9
-1.4560230751281984e-9
-1.4323789035209396e-9
-1.4075714936663227e-9
-1.3817064909916496e-9
-1.3548874018730174e-9
-1.3272153686626152e-9
-1.2987889639303763e-9
-1.26970400387415e-9
-1.240053380762468e-9
-1.2099269141959676e-9
-1.1794112208879497e-9
-1.148589602600358e-9
-1.1175419517973643e-9
-1.0863446745218646e-9
-1.0550706299408403e-9
-1.0237890859603929e-9
-9.925656902599008e-10
-9.614624560621491e-10
-9.305377619205264e-10
-8.998463647771073e-10
-8.694394255222197e-10
-8.393645462710281e-10
-8.096658185591427e-10
-7.803838816520954e-10
-7.515559901617352e-10
-7.23216090163278e-10
-6.953949030132813e-10
-6.681200160780158e-10
-6.414159795953315e-10
-6.153044089088537e-10
-5.898040913338426e-10
-5.649310969348745e-10
-5.406988925216944e-10
-5.17118458194687e-10
-4.941984058011543e-10
-4.719450986933133e-10
-4.5036277221018655e-10
-4.294536543384948e-10
-4.092180860406922e-10
-3.8965464077214517e-10
-3.707602427437475e-10
-3.525302835206276e-10
-3.3495873658170277e-10
-3.1803826949874795e-10
-3.0176035342737655e-10
-2.861153696349377e-10
-2.7109271282257426e-10
-2.5668089102991655e-10
-2.428676219412717e-10
-2.2963992544069425e-10
-2.1698421229204373e-10
-2.0488636884601368e-10
-1.9333183770199617e-10
-1.8230569427587223e-10
-1.7179271924808918e-10
-1.6177746688658777e-10
-1.5224432925915485e-10
-1.431775963676938e-10
-1.3456151225346956e-10
-1.2638032713748835e-10
-1.186183456738141e-10
-1.1125997140600401e-10
-1.0428974752763437e-10
-9.769239405739371e-11
-9.145284154763212e-11
-8.555626145216858e-11
-7.998809328498063e-11
-7.47340687062036e-11
-6.978023267544804e-11
-6.511296181510359e-11
-6.071898012799606e-11
-5.658537221459864e-11
-5.269959413502085e-11
-4.904948206021875e-11
-4.562325885553346e-11
-4.2409538737536494e-11
-3.9397330142649026e-11
-3.657603694284726e-11
-3.393545814026829e-11
-3.146578616860185e-11
-2.915760392489465e-11
-2.700188065089807e-11
-2.498996677830489e-11
-2.311358784729955e-11
-2.1364837602764995e-11
-1.973617036731359e-11
-1.8220392785064647e-11
-1.6810655024834897e-11
-1.5500441526138453e-11
-1.4283561366175734e-11
-1.3154138320821919e-11
-1.2106600687539538e-11
-1.1135670933174602e-11
-1.0236355224738351e-11
-9.403932896565006e-12
-8.633945902682392e-12
-7.922188298839994e-12
-7.264695794417731e-12
-6.657735410416181e-12
-6.097795275869807e-12
-5.5815745913856e-12
-5.105973785042161e-12
-4.668084882630596e-12
-4.265182111147132e-12
-3.8947127515831466e-12
-3.5542882543755895e-12
-3.241675628393011e-12
-2.9547891120280867e-12
-2.6916821328438206e-12
-2.4505395602637773e-12
-2.2296702540235554e-12
-2.027499909468923e-12
-1.842564199328212e-12
-1.6735022102613988e-12
-1.5190501713125318e-12
-1.3780354703450923e-12
-1.2493709536202205e-12
-1.132049502872533e-12
-1.0251388835487793e-12
-9.277768572819156e-13
-8.39166551181536e-13
-7.585720761151003e-13
-6.853143858306515e-13
-6.187673685238524e-13
-5.583541622714521e-13
-5.035436856358954e-13
-4.538473746846925e-13
-4.088161176575438e-13
-3.680373785498454e-13
-3.3113250095611916e-13
-2.977541836289904e-13
-2.6758411935126515e-13
-2.403307888884708e-13
-2.157274019820136e-13
-1.9352997755515962e-13
-1.7351555553299896e-13
-1.5548053291885528e-13
-1.3923911702205486e-13
-1.246218889917587e-13
-1.1147447107703286e-13
-9.965629130225259e-14
-8.903943951735528e-14
-7.950760905269051e-14
-7.095511847700854e-14
-6.328600822271394e-14
-5.641320710437064e-14
-5.025776401294905e-14
-4.4748140319148e-14
-3.9819558763236657e-14
-3.541340484584618e-14
-3.147667696346964e-14
-2.796148175371267e-14
-2.482457132833278e-14
-2.202691927656558e-14
-1.9533332517105735e-14
-1.731209626427161e-14
-1.5334649552368634e-14
-1.3575288932129147e-14
-1.201089811445407e-14
-1.0620701489630052e-14
-9.386039594929819e-15
-8.29016474026747e-15
-7.318055130493834e-15
-6.45624594436307e-15
-5.6926759443095124e-15
-5.016548298315599e-15
-4.418204395539943e-15
-3.8890095313341544e-15
-3.421249425079579e-15
-3.0080366162139667e-15
-2.6432258601803223e-15
-2.3213377171064207e-15
-2.037489592084871e-15
-1.787333547257923e-15
-1.5670002627723475e-15
-1.3730485763332958e-15
-1.2024200797950138e-15
-1.0523982962236089e-15
-9.20572002397856e-16
-8.048022999871231e-16
-7.03193073889712e-16
-6.140645086267418e-16
-5.359293634638474e-16
-4.674717342600996e-16
-4.075280550957135e-16
-3.550701156725633e-16
-3.091898914698103e-16
-2.690860028197734e-16
-2.34051636581582e-16
-2.0346378006362599e-16
-1.767736314010423e-16
-1.5349806384355948e-16
-1.3321203345821702e-16
-1.1554183069931964e-16
-1.0015908623471863e-16
-8.677545042935739e-17
-7.513787405115726e-17
-6.502442515509938e-17
-5.624058378449068e-17
-4.8615962167640977e-17
-4.2001403539310436e-17
-3.626641763336925e-17
-3.129691532370201e-17
-2.699320887968104e-17
-2.326824789100485e-17
-2.0046064142124776e-17
-1.726040161285612e-17
-1.48535103806569e-17
-1.2775085529890375e-17
-1.0981334260362827e-17
-9.434156255276238e-18
-8.10042403905395e-18
-6.951351547960184e-18
-5.961940468926128e-18
-5.110495090613823e-18
-4.3781974702552816e-18
-3.748735663390997e-18
-3.2079786033625126e-18
-2.743691964093202e-18
-2.3452900031099316e-18
-2.0036189707395376e-18
-1.7107681939053491e-18
-1.4599054060722123e-18
-1.2451333051007605e-18
-1.0613646838067714e-18
-9.042137990806984e-19
-7.699019291279775e-19
-6.55175318901625e-19
-5.572339348301335e-19
-4.736696448163791e-19
-4.02412611164748e-19
-3.416848352283873e-19
-2.89959925516401e-19
-2.4592827786485668e-19
-2.0846695892222135e-19
-1.7661367429468812e-19
-1.4954428171467719e-19
-1.2655337884875108e-19
-1.0703755601057097e-19
-9.048095712088384e-20
-7.644283867178585e-20
-6.454685701267303e-20
-5.447184969401153e-20
-4.594390751113444e-20
-3.872956083963622e-20
-3.2629927336319795e-20
-2.7475688526212155e-20
-2.3122780586963878e-20
-1.9448700110749448e-20
-1.6349339064221265e-20
-1.3736274836898878e-20
-1.1534451393550993e-20
-9.680196325170338e-21
-8.119526199433084e-21
-6.806699197397882e-21
-5.702979721278584e-21
-4.7755845849271696e-21
-3.996784655423937e-21
-3.34313948963211e-21
-2.7948456807898048e-21
-2.335182364599136e-21
-1.9500396902816194e-21
-1.6275180907510673e-21
-1.3575879316221405e-21
-1.1318006197679342e-21
-9.430435419086427e-22
-7.853323112588801e-22
-6.536347506581381e-22
-5.437218556248491e-22
-4.520416792064032e-22
-3.7561267862868276e-22
-3.1193357563280675e-22
-2.5890722017047087e-22
-2.1477632128446593e-22
-1.7806922856657741e-22
-1.4755422033808615e-22
-1.2220098734651613e-22
-1.0114819907624103e-22
-8.367620869178707e-23
-6.918409642650551e-23
-5.717037355459144e-23
-4.7216773076554057e-23
-3.8974641597511613e-23
-3.215352188657858e-23
-2.6511579248055255e-23
-2.184757879680823e-23
-1.7994166454830045e-23
-1.4812245204624502e-23
-1.2186270900589804e-23
-1.0020319648634607e-23
-8.234802182354968e-24
-6.76372044256222e-24
-5.55237826083958e-24
-4.5554721288713474e-24
-3.735499904958824e-24
-3.0614353080774276e-24
-2.507624467605551e-24
-2.0528678788001007e-24
-1.6796570684709796e-24
-1.373540278345371e-24
-1.1225956746677834e-24
-9.169941179270919e-25
-7.486364830313846e-25
-6.108529979941347e-25
-4.981541444336624e-25
-4.0602440019628204e-25
-3.3075155739647017e-25
-2.6928556379114056e-25
-2.191218501313731e-25
-1.7820495331986133e-25
-1.4484895206512088e-25
-1.1767182112919845e-25
-9.554130142444797e-26
-7.753029224252702e-26
-6.288011231631087e-26
-5.097025955154766e-26
-4.1293534611610383e-26
-3.343558903799312e-26
-2.7058120886542376e-26
-2.1885075508878738e-26
-1.7691320749970838e-26
-1.4293358340040827e-26
-1.1541709863293413e-26
-9.31467908166912e-27
-7.513244823808341e-27
-6.056881986595698e-27
-4.880143994434509e-27
-3.929869612931818e-27
-3.1629013937769372e-27
-2.5442231287080056e-27
-2.0454402533420117e-27
-1.6435407806553082e-27
-1.3198855682326616e-27
-1.0593859548466985e-27
-8.498343896416955e-28
-6.813599099950841e-28
-5.459854408134723e-28
-4.372680858557088e-28
-3.5000702355469468e-28
-2.8000644012719167e-28
-2.2388324234672225e-28
-1.7891118253509882e-28
-1.4289457431336586e-28
-1.1406604134800556e-28
-9.100377364376512e-29
-7.256460871921552e-29
-5.782994263311629e-29
-4.6062036527717434e-29
-3.666874127278003e-29
-2.9175034912225265e-29
-2.320007048776498e-29
-1.8438678175817797e-29
-1.4646465947469913e-29
-1.162782566929476e-29
-9.226283671240815e-30
-7.316742006199434e-30
-5.799243558492147e-30
-4.593964613758123e-30
-3.637195569238381e-30
-2.87811665747058e-30
-2.2762129268336697e-30
-1.799202936289245e-30
-1.4213800348249836e-30
-1.1222848102743472e-30
-8.856432022178693e-31
-6.985176058796232e-31
-5.5062863750587205e-31
-4.338135642532677e-31
-3.4159411008990815e-31
-2.688317469048693e-31
-2.11452920444268e-31
-1.6623014883883021e-31
-1.3060773302711261e-31
-1.0256306711422337e-31
-8.049634063467991e-32
-6.314287092778757e-32
-4.950346261474749e-32
-3.878911906869953e-32
-3.037717334872703e-32
-2.3776499985111756e-32
-1.859994373312026e-32
-1.454248064929124e-32
-1.1363929614413713e-32
-8.875274006167238e-33
-6.927845863260075e-33
-5.404778405296537e-33
-4.214255048205868e-33
-3.284180385922423e-33
-2.557976037736537e-33
-1.9912658204084193e-33
-1.5492636179904875e-33
-1.2047161650729411e-33
-9.362837860966634e-34
-7.272665841892688e-34
-5.646029549670672e-34
-4.38082655633447e-34
-3.3972881700657055e-34
-2.633129060263848e-34
-2.0397425389471203e-34
-1.579217776882063e-34
-1.2220027260404812e-34
-9.450740120214885e-35
-7.30504639454475e-35
-5.643436763698326e-35
-4.357404625170583e-35
-3.3626036112778134e-35
-2.593504664127526e-35
-1.999226409987897e-35
-1.540283030699189e-35
-1.1860491870955074e-35
-9.127850182922744e-36
-7.020983542977763e-36
-5.397480353623853e-36
-4.1471320441759554e-36
-3.1846986913107735e-36
-2.444288939571664e-36
-1.8749964827563398e-36
-1.437514083277515e-36
-1.1015076282991474e-36
-8.435807764763965e-37
-6.456982632337543e-37
-4.9396520075093764e-37
-3.776825303196854e-37
-2.8861656908204114e-37
-2.204344440521447e-37
-1.6826798744115918e-37
-1.2837705410469808e-37
-9.788974234621253e-38
-7.460206572180738e-38
-5.682355783944199e-38
-4.325834559957475e-38
-3.2913594736136754e-38
-2.5029067504218523e-38
-1.90229547860222e-38
-1.445024626431805e-38
-1.0970754608275659e-38
-8.324568777809007e-39
-6.313221048228734e-39
-4.785245940436048e-39
-3.6251131069644e-39
-2.744750686170648e-39
-2.0770564424831e-39
-1.5709333581566836e-39
-1.187493675316974e-39
-8.971580133329638e-40
-6.774397561872544e-40
-5.112537843153545e-40
-3.856261881722527e-40
-2.907104500157849e-40
-2.1903772457312534e-40
-1.6494583690053795e-40
-1.2414464008683058e-40
-9.338535536539178e-41
-7.02091599020334e-41
-5.275613698834964e-41
-3.9620177762047976e-41
-2.9738844166520475e-41
-2.2309816331782557e-41
-1.6727543203001616e-41
-1.2535238236464927e-41
-9.38852359849685e-42
-7.027911777992029e-42
-5.257988113239129e-42
-3.931671366888604e-42
-2.9383203382222054e-42
-2.194751756600425e-42
-1.6384606390759774e-42
-1.2225059294604911e-42
-9.116545428325843e-43
-6.7947581290624905e-43
-5.0615331919130235e-43
-3.768378980406822e-43
-2.8040868637182094e-43
-2.0854163304924322e-43
-1.5500956753732219e-43
-1.1515655833343167e-43
-8.550338266431171e-44
-6.34515702575733e-44
-4.706151673038582e-44
-3.488622226003588e-44
-2.584678050924939e-44
-1.913918604567932e-44
-1.4164621729190155e-44
-1.0477339470045977e-44
-7.745716138185759e-45
-5.723170386773797e-45
-4.2264556954910796e-45
-3.119467907477805e-45
-2.3011731021172314e-45
-1.6966123780146218e-45
-1.2502030611577101e-45
-9.207528647336807e-46
-6.7775105596129874e-46
-4.986110968199139e-46
-3.666218110180126e-46
-2.694258664317621e-46
-1.97890487393379e-46
-1.452697527849661e-46
-1.0658353867839535e-46
-7.815733459795203e-47
-5.728145245174547e-47
-4.1958793150035076e-47
-3.07182626140084e-47
-2.2476827497695256e-47
-1.6437587884474488e-47
-1.201450502837909e-47
-8.776844586764392e-48
-6.408194291956652e-48
-4.676249551704753e-48
-3.4105501756796616e-48
-2.4860849827215152e-48
-1.811224436823087e-48
-1.3188437574511707e-48
-9.597966187301645e-49
-6.981196787253899e-49
-5.075108716012043e-49
-3.687445694102339e-49
-2.6777543772610677e-49
-1.9434826708011365e-49
-1.4097933093762523e-49
-1.022103943165189e-49
-7.406269930606501e-50
-5.363754243008481e-50
-3.882425008299606e-50
-2.8086793315995566e-50
-2.0307951933726e-50
-1.4675570358002894e-50
-1.0599582326415552e-50
-7.651514842340465e-51
-5.520405941473823e-51
-3.9807007333719977e-51
-2.8688839131576055e-51
-2.0664807382190628e-51
-1.4876977126154816e-51
-1.0704416133913452e-51
-7.6979703686861e-52
-5.5329208313362685e-52
-3.974638678152453e-52
-2.8536837192324366e-52
-2.0477597983206676e-52
-1.4686462042645816e-52
-1.0527381665274082e-52
-7.5420353465341e-53
-5.400348408333405e-53
-3.864737703835634e-53
-2.7642880988232177e-53
-1.976112322791529e-53
-1.4119034465463639e-53
-1.0082388478957517e-53
-7.195929821553692e-54
-5.133049851178417e-54
-3.659562110295292e-54
-2.6076412784429307e-54
-1.857084491853514e-54
-1.3218451366805034e-54
-9.403609729966962e-55
-6.686113235943244e-55
-4.751360433529222e-55
-3.37463923316155e-55
-2.395531343072257e-55
-1.6995795711723758e-55
-1.2051643937109766e-55
-8.541147728480817e-56
-6.04994370021927e-56
-4.283034745797676e-56
-3.030519153600933e-56
-2.1431257106867186e-56
-1.5147586592290104e-56
-1.0700508879274746e-56
-7.554932987009689e-57
-5.331163529534392e-57
-3.759919976795744e-57
-2.650332822785187e-57
-1.8671854322426002e-57
-1.3147395085715035e-57
-9.252459907238647e-58
-6.507886206705462e-58
-4.574966684921667e-58
-3.2144092865186734e-58
-2.257250049747926e-58
-1.5842489699716671e-58
-1.111302948504141e-58
-7.791243486292866e-59
-5.459418285265498e-59
-3.8234133490365883e-59
-2.6762176405394697e-59
-1.8722201140935425e-59
-1.3090543886950664e-59
-9.147950116178166e-60
-6.389328282443936e-60
-4.4601754369894824e-60
-3.1118167228836105e-60
-2.169908467838691e-60
-1.512286795224277e-60
-1.0533974250118018e-60
-7.333574315323154e-61
-5.102752455419e-61
-3.54861322873998e-61
-2.4664834368960883e-61
-1.7134171696043114e-61
-1.1896341044721629e-61
-8.255228210463107e-62
-5.725456936025069e-62
-3.968776278782683e-62
-2.7495934615331963e-62
-1.9039071385598214e-62
-1.3176147599465934e-62
-9.113738402085116e-63
-6.300428535033098e-63
-4.3532043062487654e-63
-3.006169365887175e-63
-2.0748336328888008e-63
-1.4312600808853875e-63
-9.867776129092437e-64
-6.799632998880484e-64
-4.682924092786105e-64
-3.22340020504083e-64
-2.2175673106301077e-64
-1.524771861218352e-64
-1.0478482862074148e-64
-7.197098262806811e-65
-4.940625642413067e-65
-3.3897834897900264e-65
-2.324488881649907e-65
-1.593120009898997e-65
-1.0912770522312226e-65
-7.471143345687602e-66
-5.112162336231472e-66
-3.4961312585566977e-66
-2.3896613153692085e-66
-1.6324899352072898e-66
-1.1146286762621141e-66
-7.606335141277531e-67
-5.187836156801416e-67
-3.536409928640965e-67
-2.4093756130775256e-67
-1.6406350426786787e-67
-1.1165676106666304e-67
-7.59492765785903e-68
-5.163305663275449e-68
-3.5083071839137645e-68
-2.3825003736744036e-68
-1.6170890424188406e-68
-1.0969844918293928e-68
-7.4375970036145e-69
-5.039998462265852e-69
-3.413451804889613e-69
-2.3105893206821584e-69
-1.563210154803408e-69
-1.05700635264794e-69
-7.143375101313006e-70
-4.824973659692434e-70
-3.2572573684917126e-70
-2.197732574619738e-70
-1.4820513847667474e-70
-9.98889224334757e-71
-6.728791162850441e-71
-4.530252724221515e-71
-3.04841067839269e-71
-2.050171472234947e-71
-1.37807409828402e-71
-9.258073624362293e-72
-6.216334430957345e-72
-4.1717069838966296e-72
-2.7980721639042503e-72
-1.8757273838794177e-72
-1.256742273600509e-72
-8.415664830246405e-73
-5.632437002196877e-73
-3.767644910756868e-73
-2.5188905738860974e-73
-1.6831171892093463e-73
-1.1240487101192209e-73
-7.502770013704673e-74
-5.005228014085556e-74
-3.337273758238437e-74
-2.2239526611262824e-74
-1.481238481077423e-74
-9.86030116098687e-75
-6.560261082138622e-75
-4.3623230264851305e-75
-2.8992140303535067e-75
-1.9257880871697318e-75
-1.2785051445690829e-75
-8.483249375388007e-76
-5.625844984509322e-76
-3.728885658526963e-76
-2.4702229540274058e-76
-1.6355319208453525e-76
-1.0823000673446441e-76
-7.158172155615382e-77
-4.731756520399647e-77
-3.1261401182596406e-77
-2.0642404999859465e-77
-1.3623163132465395e-77
-8.985896899668141e-78
-5.923940951144597e-78
-3.903245156095283e-78
-2.570435796340184e-78
-1.6918175205710699e-78
-1.1129255320024737e-78
-7.317193283647675e-79
-4.808269323240826e-79
-3.1579037212117286e-79
-2.0728831865204476e-79
-1.359930208238087e-79
-8.917112884063446e-80
-5.843832553203355e-80
-3.827693202523936e-80
-2.505776550621424e-80
-1.6395075703933009e-80
-1.0721372401238746e-80
-7.007340302372922e-81
-4.577432121540464e-81
-2.9885222705458466e-81
-1.9501003640702753e-81
-1.2718131667686838e-81
-8.290019655834325e-82
-5.400745309996266e-82
-3.516557563597511e-82
-2.2884828642758007e-82
-1.4884817095550467e-82
-9.676209147839163e-83
-6.286847151350816e-83
-4.082502601496697e-83
-2.649634412184524e-83
-1.7187446574451773e-83
-1.1143014366319756e-83
-7.2203782035195165e-84
-4.6760929216001665e-84
-3.0267200404047525e-84
-1.9580659195254568e-84
-1.2660425576037288e-84
-8.181543499273279e-85
-5.284308077562715e-85
-3.4111982815866506e-85
-2.200856627989643e-85
-1.419196382444091e-85
-9.146589704706273e-86
-5.8917167946806034e-86
-3.793066815621003e-86
-2.440647681270925e-86
-1.5695879709766762e-86
-1.0088630277761086e-86
-6.481040407978624e-87
-4.1612444862924595e-87
-2.670347125870845e-87
-1.7126877626846858e-87
-1.0978794579027242e-87
-7.033915015878747e-88
-4.5040745542872823e-88
-2.8825710692346417e-88
-1.8438283092144023e-88
-1.178764203690978e-88
-7.53181089195805e-89
-4.809920372493792e-89
-3.0700283102149266e-89
-1.95845181568522e-89
-1.248675013942694e-89
-7.957047947833807e-90
-5.067812686776272e-90
-3.2259316576000867e-90
-2.052370682284612e-90
-1.305035953244967e-90
-8.293831124135719e-91
-5.268099150090095e-91
-3.344404008440997e-91
-2.1220205062602596e-91
-1.3456944658464806e-91
-8.529221795224854e-92
-5.403042754531634e-92
-3.4208454806055365e-92
-2.1646843188699396e-92
-1.3690576852242844e-92
-8.653962114333483e-93
-5.467317562845608e-93
-3.452229678654832e-93
-2.178668416030003e-93
-1.3741959678119517e-93
-8.663079137067995e-94
-5.45835748570853e-94
-3.437302504024289e-94
-2.1634139252579306e-94
-1.360904272202739e-94
-8.556213779326994e-95
-5.37652627068493e-95
-3.376665306146341e-95
-2.1195338656558846e-95
-1.3297157353466027e-95
-8.337644279615928e-96
-5.225093007449045e-96
-3.2727346901749463e-96
-2.0487722756449993e-96
-1.2818661928566588e-96
-8.01600202955927e-97
-5.010015447658127e-97
-3.129582725118187e-97
-1.9538892063926237e-97
-1.219212934124672e-97
-7.603706078801521e-98
-4.7395511556229984e-98
-2.9526722778864966e-98
-1.8384821503585582e-98
-1.1441151358934714e-98
-7.116167946249649e-99
-4.4237318570912475e-99
-2.7485114436668904e-99
-1.7067600026500827e-99
-1.059286697996263e-99
-6.570837661570449e-100
-4.0737475877136627e-100
-2.5242575096197884e-100
-1.5632893241948935e-100
-9.676342544881084e-101
-5.986173160865526e-101
-3.701293193054144e-101
-2.2873039277750557e-101
-1.4127341371150547e-101
-8.720937663975396e-102
-5.380617332024396e-102
-3.317929959442874e-102
-2.0448832036346796e-102
-1.259609681144479e-102
-7.754783236690245e-103
-4.771660417580888e-103
-2.9345099767165974e-103
-1.8037147203039462e-103
-1.1080677344788323e-103
-6.803477779539903e-104
-4.175051501881114e-104
-2.5607012330326626e-104
-1.5697200056523154e-104
-9.61726731277805e-105
-5.889079206864729e-105
-3.6042036298312296e-105
-2.204638867109643e-105
-1.3478198105219062e-105
-8.235544918351173e-106
-5.029438695123988e-106